50 0.127000
51 0.104000
52 0.117000
53 0.121000
54 0.131000
55 0.120000
56 0.127000
57 0.107000
58 0.143000
59 0.124000
60 0.079000
61 0.089000
62 0.092000
63 0.083000
64 0.088000
65 0.094000
66 0.108000
67 0.090000
68 0.102000
69 0.112000
70 0.094000
71 0.108000
72 0.107000
73 0.107000
74 0.105000
75 0.106000
76 0.106000
77 0.112000
78 0.111000
79 0.091000
80 0.089000
81 0.077000
82 0.088000
83 0.083000
84 0.088000
85 0.071000
86 0.083000
87 0.104000
88 0.099000
89 0.094000
90 0.098000
91 0.067000
92 0.097000
93 0.079000
94 0.106000
95 0.092000
96 0.098000
97 0.105000
98 0.099000
99 0.083000
100 0.090000
101 0.076000
102 0.075000
103 0.098000
104 0.070000
105 0.076000
106 0.086000
107 0.084000
108 0.103000
109 0.092000
110 0.093000
111 0.085000
112 0.086000
113 0.079000
114 0.097000
115 0.102000
116 0.080000
117 0.083000
118 0.089000
119 0.088000
120 0.066000
121 0.075000
122 0.082000
123 0.074000
124 0.075000
125 0.089000
126 0.076000
127 0.076000
128 0.093000
129 0.074000
130 0.075000
131 0.102000
132 0.087000
133 0.082000
134 0.077000
135 0.091000
136 0.083000
137 0.075000
138 0.080000
139 0.106000
140 0.068000
141 0.075000
142 0.071000
143 0.081000
144 0.078000
145 0.089000
146 0.062000
147 0.085000
148 0.068000
149 0.087000
150 0.094000
151 0.079000
152 0.063000
153 0.076000
154 0.066000
155 0.089000
156 0.100000
157 0.083000
158 0.076000
159 0.075000
160 0.073000
161 0.068000
162 0.090000
163 0.073000
164 0.087000
165 0.082000
166 0.074000
167 0.080000
168 0.061000
169 0.083000
170 0.079000
171 0.079000
172 0.076000
173 0.076000
174 0.094000
175 0.085000
176 0.076000
177 0.086000
178 0.074000
179 0.082000
180 0.075000
181 0.056000
182 0.091000
183 0.083000
184 0.080000
185 0.071000
186 0.079000
187 0.080000
188 0.078000
189 0.070000
190 0.064000
191 0.073000
192 0.073000
193 0.080000
194 0.069000
195 0.081000
196 0.075000
197 0.082000
198 0.086000
199 0.078000
200 0.074000
201 0.077000
202 0.082000
203 0.084000
204 0.070000
205 0.088000
206 0.089000
207 0.066000
208 0.083000
209 0.069000
210 0.090000
211 0.096000
212 0.067000
213 0.080000
214 0.070000
215 0.080000
216 0.074000
217 0.085000
218 0.088000
219 0.071000
220 0.086000
221 0.083000
222 0.083000
223 0.077000
224 0.077000
225 0.063000
226 0.074000
227 0.072000
228 0.077000
229 0.082000
230 0.095000
231 0.073000
232 0.079000
233 0.087000
234 0.074000
235 0.092000
236 0.075000
237 0.078000
238 0.071000
239 0.080000
240 0.061000
241 0.064000
242 0.076000
243 0.091000
244 0.069000
245 0.078000
246 0.058000
247 0.062000
248 0.080000
249 0.063000
250 0.085000
251 0.070000
252 0.077000
253 0.095000
254 0.078000
255 0.071000
256 0.088000
257 0.077000
258 0.052000
259 0.076000
260 0.070000
261 0.081000
262 0.076000
263 0.087000
264 0.070000
265 0.091000
266 0.082000
267 0.068000
268 0.070000
269 0.086000
270 0.066000
271 0.080000
272 0.084000
273 0.075000
274 0.073000
275 0.069000
276 0.072000
277 0.057000
278 0.080000
279 0.067000
280 0.076000
281 0.076000
282 0.076000
283 0.074000
284 0.069000
285 0.068000
286 0.067000
287 0.072000
288 0.082000
289 0.076000
290 0.074000
291 0.073000
292 0.060000
293 0.078000
294 0.073000
295 0.074000
296 0.074000
297 0.080000
298 0.069000
299 0.077000
300 0.063000
301 0.060000
302 0.065000
303 0.099000
304 0.099000
305 0.084000
306 0.067000
307 0.074000
308 0.093000
309 0.074000
310 0.082000
311 0.060000
312 0.075000
313 0.082000
314 0.088000
315 0.075000
316 0.079000
317 0.064000
318 0.062000
319 0.074000
320 0.061000
321 0.067000
322 0.057000
323 0.068000
324 0.078000
325 0.057000
326 0.072000
327 0.076000
328 0.060000
329 0.069000
330 0.071000
331 0.081000
332 0.089000
333 0.069000
334 0.080000
335 0.082000
336 0.064000
337 0.074000
338 0.086000
339 0.090000
340 0.064000
341 0.067000
342 0.064000
343 0.087000
344 0.074000
345 0.059000
346 0.078000
347 0.069000
348 0.082000
349 0.082000
350 0.073000
351 0.065000
352 0.090000
353 0.064000
354 0.070000
355 0.071000
356 0.069000
357 0.069000
358 0.068000
359 0.077000
360 0.060000
361 0.078000
362 0.076000
363 0.061000
364 0.071000
365 0.085000
366 0.071000
367 0.073000
368 0.068000
369 0.068000
370 0.085000
371 0.067000
372 0.086000
373 0.068000
374 0.091000
375 0.076000
376 0.071000
377 0.079000
378 0.068000
379 0.064000
380 0.069000
381 0.072000
382 0.071000
383 0.090000
384 0.072000
385 0.071000
386 0.075000
387 0.068000
388 0.065000
389 0.083000
390 0.078000
391 0.069000
392 0.077000
393 0.067000
394 0.074000
395 0.061000
396 0.067000
397 0.092000
398 0.085000
399 0.078000
400 0.069000
401 0.076000
402 0.073000
403 0.082000
404 0.072000
405 0.069000
406 0.071000
407 0.063000
408 0.064000
409 0.090000
410 0.083000
411 0.067000
412 0.066000
413 0.073000
414 0.086000
415 0.068000
416 0.093000
417 0.066000
418 0.083000
419 0.066000
420 0.065000
421 0.060000
422 0.076000
423 0.063000
424 0.075000
425 0.071000
426 0.072000
427 0.070000
428 0.067000
429 0.084000
430 0.068000
431 0.084000
432 0.078000
433 0.067000
434 0.076000
435 0.062000
436 0.074000
437 0.062000
438 0.078000
439 0.068000
440 0.073000
441 0.076000
442 0.064000
443 0.063000
444 0.068000
445 0.079000
446 0.079000
447 0.079000
448 0.054000
449 0.076000
450 0.073000
451 0.072000
452 0.077000
453 0.076000
454 0.069000
455 0.080000
456 0.074000
457 0.074000
458 0.068000
459 0.073000
460 0.075000
461 0.060000
462 0.058000
463 0.067000
464 0.069000
465 0.085000
466 0.073000
467 0.058000
468 0.069000
469 0.063000
470 0.062000
471 0.071000
472 0.064000
473 0.082000
474 0.071000
475 0.076000
476 0.083000
477 0.085000
478 0.058000
479 0.100000
480 0.062000
481 0.079000
482 0.073000
483 0.073000
484 0.077000
485 0.063000
486 0.075000
487 0.055000
488 0.068000
489 0.073000
490 0.077000
491 0.070000
492 0.060000
493 0.065000
494 0.060000
495 0.078000
496 0.071000
497 0.080000
498 0.076000
499 0.073000
500 0.068000
501 0.071000
502 0.063000
503 0.081000
504 0.063000
505 0.071000
506 0.065000
507 0.073000
508 0.068000
509 0.063000
510 0.075000
511 0.056000
512 0.076000
513 0.071000
514 0.070000
515 0.086000
516 0.079000
517 0.073000
518 0.071000
519 0.072000
520 0.063000
521 0.065000
522 0.058000
523 0.086000
524 0.056000
525 0.072000
526 0.074000
527 0.069000
528 0.080000
529 0.070000
530 0.069000
531 0.076000
532 0.081000
533 0.073000
534 0.067000
535 0.079000
536 0.080000
537 0.088000
538 0.072000
539 0.066000
540 0.074000
541 0.074000
542 0.079000
543 0.084000
544 0.068000
545 0.070000
546 0.086000
547 0.075000
548 0.069000
549 0.089000
550 0.085000
551 0.065000
552 0.081000
553 0.054000
554 0.083000
555 0.078000
556 0.076000
557 0.071000
558 0.078000
559 0.078000
560 0.067000
561 0.087000
562 0.085000
563 0.067000
564 0.069000
565 0.090000
566 0.067000
567 0.071000
568 0.063000
569 0.076000
570 0.070000
571 0.073000
572 0.062000
573 0.077000
574 0.084000
575 0.076000
576 0.086000
577 0.083000
578 0.078000
579 0.077000
580 0.073000
581 0.066000
582 0.069000
583 0.062000
584 0.066000
585 0.074000
586 0.095000
587 0.073000
588 0.078000
589 0.075000
590 0.081000
591 0.083000
592 0.073000
593 0.056000
594 0.082000
595 0.068000
596 0.057000
597 0.072000
598 0.073000
599 0.075000
600 0.070000
601 0.077000
602 0.070000
603 0.064000
604 0.069000
605 0.076000
606 0.071000
607 0.071000
608 0.063000
609 0.078000
610 0.072000
611 0.070000
612 0.058000
613 0.077000
614 0.068000
615 0.077000
616 0.078000
617 0.077000
618 0.082000
619 0.079000
620 0.081000
621 0.074000
622 0.070000
623 0.076000
624 0.064000
625 0.067000
626 0.067000
627 0.063000
628 0.064000
629 0.064000
630 0.077000
631 0.083000
632 0.066000
633 0.082000
634 0.065000
635 0.072000
636 0.096000
637 0.076000
638 0.058000
639 0.076000
640 0.084000
641 0.064000
642 0.077000
643 0.071000
644 0.081000
645 0.055000
646 0.071000
647 0.062000
648 0.084000
649 0.059000
650 0.065000
651 0.068000
652 0.069000
653 0.092000
654 0.071000
655 0.073000
656 0.072000
657 0.078000
658 0.071000
659 0.081000
660 0.078000
661 0.060000
662 0.069000
663 0.074000
664 0.070000
665 0.069000
666 0.083000
667 0.079000
668 0.077000
669 0.069000
670 0.079000
671 0.083000
672 0.082000
673 0.072000
674 0.070000
675 0.069000
676 0.061000
677 0.088000
678 0.057000
679 0.073000
680 0.076000
681 0.066000
682 0.067000
683 0.074000
684 0.067000
685 0.066000
686 0.062000
687 0.062000
688 0.077000
689 0.070000
690 0.059000
691 0.067000
692 0.069000
693 0.071000
694 0.071000
695 0.065000
696 0.088000
697 0.081000
698 0.082000
699 0.080000
700 0.072000
701 0.067000
702 0.073000
703 0.066000
704 0.086000
705 0.074000
706 0.068000
707 0.077000
708 0.089000
709 0.070000
710 0.077000
711 0.063000
712 0.072000
713 0.073000
714 0.063000
715 0.069000
716 0.078000
717 0.068000
718 0.069000
719 0.074000
720 0.062000
721 0.077000
722 0.063000
723 0.062000
724 0.077000
725 0.078000
726 0.070000
727 0.060000
728 0.063000
729 0.084000
730 0.071000
731 0.072000
732 0.074000
733 0.079000
734 0.091000
735 0.076000
736 0.071000
737 0.065000
738 0.066000
739 0.071000
740 0.073000
741 0.076000
742 0.068000
743 0.060000
744 0.078000
745 0.077000
746 0.069000
747 0.080000
748 0.073000
749 0.075000
750 0.059000
751 0.069000
752 0.064000
753 0.088000
754 0.062000
755 0.068000
756 0.079000
757 0.075000
758 0.070000
759 0.068000
760 0.080000
761 0.092000
762 0.070000
763 0.079000
764 0.063000
765 0.070000
766 0.071000
767 0.064000
768 0.084000
769 0.072000
770 0.065000
771 0.081000
772 0.076000
773 0.073000
774 0.057000
775 0.072000
776 0.073000
777 0.053000
778 0.072000
779 0.063000
780 0.068000
781 0.068000
782 0.067000
783 0.073000
784 0.066000
785 0.080000
786 0.065000
787 0.073000
788 0.057000
789 0.070000
790 0.078000
791 0.077000
792 0.074000
793 0.084000
794 0.072000
795 0.066000
796 0.069000
797 0.081000
798 0.050000
799 0.071000
800 0.078000
801 0.066000
802 0.070000
803 0.072000
804 0.074000
805 0.061000
806 0.077000
807 0.079000
808 0.072000
809 0.068000
810 0.072000
811 0.061000
812 0.078000
813 0.081000
814 0.079000
815 0.075000
816 0.067000
817 0.066000
818 0.085000
819 0.079000
820 0.078000
821 0.059000
822 0.084000
823 0.064000
824 0.078000
825 0.069000
826 0.075000
827 0.066000
828 0.070000
829 0.097000
830 0.073000
831 0.072000
832 0.061000
833 0.070000
834 0.069000
835 0.055000
836 0.065000
837 0.093000
838 0.061000
839 0.064000
840 0.076000
841 0.074000
842 0.072000
843 0.085000
844 0.073000
845 0.066000
846 0.079000
847 0.073000
848 0.073000
849 0.084000
850 0.085000
851 0.064000
852 0.083000
853 0.076000
854 0.070000
855 0.077000
856 0.076000
857 0.065000
858 0.077000
859 0.084000
860 0.077000
861 0.072000
862 0.082000
863 0.083000
864 0.077000
865 0.065000
866 0.072000
867 0.075000
868 0.081000
869 0.068000
870 0.071000
871 0.071000
872 0.069000
873 0.078000
874 0.071000
875 0.084000
876 0.074000
877 0.072000
878 0.084000
879 0.062000
880 0.071000
881 0.076000
882 0.088000
883 0.071000
884 0.066000
885 0.065000
886 0.064000
887 0.070000
888 0.066000
889 0.081000
890 0.075000
891 0.061000
892 0.066000
893 0.075000
894 0.068000
895 0.058000
896 0.072000
897 0.066000
898 0.054000
899 0.066000
900 0.078000
901 0.066000
902 0.083000
903 0.083000
904 0.074000
905 0.064000
906 0.070000
907 0.062000
908 0.074000
909 0.093000
910 0.063000
911 0.075000
912 0.070000
913 0.068000
914 0.068000
915 0.084000
916 0.064000
917 0.066000
918 0.061000
919 0.062000
920 0.064000
921 0.063000
922 0.073000
923 0.054000
924 0.069000
925 0.067000
926 0.074000
927 0.080000
928 0.061000
929 0.067000
930 0.055000
931 0.073000
932 0.066000
933 0.076000
934 0.060000
935 0.059000
936 0.067000
937 0.067000
938 0.086000
939 0.072000
940 0.066000
941 0.075000
942 0.061000
943 0.061000
944 0.079000
945 0.071000
946 0.082000
947 0.075000
948 0.072000
949 0.062000
950 0.053000
951 0.071000
952 0.066000
953 0.075000
954 0.073000
955 0.073000
956 0.089000
957 0.059000
958 0.078000
959 0.066000
960 0.083000
961 0.059000
962 0.085000
963 0.062000
964 0.075000
965 0.072000
966 0.063000
967 0.070000
968 0.064000
969 0.074000
970 0.081000
971 0.066000
972 0.068000
973 0.074000
974 0.073000
975 0.068000
976 0.073000
977 0.073000
978 0.063000
979 0.051000
980 0.053000
981 0.067000
982 0.072000
983 0.078000
984 0.074000
985 0.078000
986 0.062000
987 0.059000
988 0.071000
989 0.064000
990 0.065000
991 0.064000
992 0.075000
993 0.074000
994 0.075000
995 0.077000
996 0.069000
997 0.060000
998 0.077000
999 0.072000