50 0.392000
51 0.400000
52 0.382000
53 0.422000
54 0.427000
55 0.398000
56 0.420000
57 0.425000
58 0.443000
59 0.429000
60 0.334000
61 0.354000
62 0.366000
63 0.353000
64 0.341000
65 0.363000
66 0.362000
67 0.358000
68 0.368000
69 0.375000
70 0.402000
71 0.369000
72 0.368000
73 0.365000
74 0.364000
75 0.389000
76 0.398000
77 0.395000
78 0.401000
79 0.346000
80 0.317000
81 0.356000
82 0.330000
83 0.323000
84 0.358000
85 0.368000
86 0.359000
87 0.381000
88 0.335000
89 0.336000
90 0.344000
91 0.365000
92 0.355000
93 0.361000
94 0.378000
95 0.385000
96 0.356000
97 0.391000
98 0.394000
99 0.361000
100 0.336000
101 0.338000
102 0.328000
103 0.352000
104 0.339000
105 0.357000
106 0.333000
107 0.328000
108 0.340000
109 0.371000
110 0.365000
111 0.332000
112 0.351000
113 0.355000
114 0.364000
115 0.352000
116 0.378000
117 0.360000
118 0.392000
119 0.358000
120 0.345000
121 0.335000
122 0.352000
123 0.354000
124 0.326000
125 0.339000
126 0.330000
127 0.337000
128 0.333000
129 0.348000
130 0.369000
131 0.350000
132 0.322000
133 0.347000
134 0.337000
135 0.380000
136 0.363000
137 0.350000
138 0.360000
139 0.369000
140 0.321000
141 0.365000
142 0.322000
143 0.352000
144 0.347000
145 0.312000
146 0.346000
147 0.320000
148 0.367000
149 0.349000
150 0.332000
151 0.333000
152 0.355000
153 0.357000
154 0.351000
155 0.332000
156 0.340000
157 0.346000
158 0.339000
159 0.333000
160 0.309000
161 0.321000
162 0.347000
163 0.351000
164 0.339000
165 0.327000
166 0.359000
167 0.366000
168 0.325000
169 0.341000
170 0.376000
171 0.322000
172 0.347000
173 0.345000
174 0.351000
175 0.329000
176 0.371000
177 0.322000
178 0.359000
179 0.327000
180 0.316000
181 0.334000
182 0.310000
183 0.320000
184 0.349000
185 0.335000
186 0.324000
187 0.337000
188 0.335000
189 0.328000
190 0.335000
191 0.329000
192 0.326000
193 0.361000
194 0.361000
195 0.338000
196 0.358000
197 0.338000
198 0.327000
199 0.332000
200 0.326000
201 0.324000
202 0.327000
203 0.323000
204 0.323000
205 0.321000
206 0.359000
207 0.340000
208 0.329000
209 0.326000
210 0.359000
211 0.337000
212 0.331000
213 0.327000
214 0.362000
215 0.342000
216 0.387000
217 0.342000
218 0.354000
219 0.373000
220 0.324000
221 0.336000
222 0.335000
223 0.311000
224 0.368000
225 0.336000
226 0.334000
227 0.331000
228 0.287000
229 0.332000
230 0.333000
231 0.313000
232 0.350000
233 0.346000
234 0.330000
235 0.346000
236 0.325000
237 0.341000
238 0.326000
239 0.358000
240 0.294000
241 0.349000
242 0.318000
243 0.332000
244 0.338000
245 0.353000
246 0.322000
247 0.338000
248 0.309000
249 0.362000
250 0.328000
251 0.343000
252 0.362000
253 0.326000
254 0.331000
255 0.344000
256 0.376000
257 0.340000
258 0.344000
259 0.322000
260 0.329000
261 0.342000
262 0.324000
263 0.324000
264 0.341000
265 0.336000
266 0.358000
267 0.330000
268 0.356000
269 0.341000
270 0.312000
271 0.341000
272 0.327000
273 0.314000
274 0.325000
275 0.351000
276 0.352000
277 0.319000
278 0.344000
279 0.345000
280 0.350000
281 0.327000
282 0.328000
283 0.332000
284 0.318000
285 0.340000
286 0.312000
287 0.328000
288 0.349000
289 0.330000
290 0.336000
291 0.348000
292 0.313000
293 0.350000
294 0.348000
295 0.329000
296 0.350000
297 0.347000
298 0.315000
299 0.336000
300 0.304000
301 0.336000
302 0.337000
303 0.307000
304 0.316000
305 0.325000
306 0.335000
307 0.319000
308 0.306000
309 0.339000
310 0.336000
311 0.321000
312 0.321000
313 0.324000
314 0.332000
315 0.320000
316 0.348000
317 0.351000
318 0.341000
319 0.312000
320 0.343000
321 0.332000
322 0.333000
323 0.330000
324 0.322000
325 0.320000
326 0.309000
327 0.306000
328 0.339000
329 0.326000
330 0.315000
331 0.345000
332 0.336000
333 0.329000
334 0.316000
335 0.326000
336 0.349000
337 0.352000
338 0.322000
339 0.338000
340 0.312000
341 0.321000
342 0.322000
343 0.325000
344 0.350000
345 0.335000
346 0.324000
347 0.350000
348 0.327000
349 0.330000
350 0.331000
351 0.321000
352 0.331000
353 0.312000
354 0.310000
355 0.327000
356 0.323000
357 0.341000
358 0.357000
359 0.312000
360 0.326000
361 0.299000
362 0.316000
363 0.301000
364 0.327000
365 0.331000
366 0.342000
367 0.343000
368 0.336000
369 0.326000
370 0.339000
371 0.319000
372 0.324000
373 0.305000
374 0.333000
375 0.359000
376 0.342000
377 0.331000
378 0.344000
379 0.308000
380 0.323000
381 0.318000
382 0.338000
383 0.310000
384 0.350000
385 0.312000
386 0.331000
387 0.327000
388 0.319000
389 0.315000
390 0.337000
391 0.327000
392 0.304000
393 0.340000
394 0.323000
395 0.328000
396 0.319000
397 0.344000
398 0.320000
399 0.318000
400 0.319000
401 0.306000
402 0.326000
403 0.323000
404 0.320000
405 0.324000
406 0.311000
407 0.347000
408 0.322000
409 0.364000
410 0.324000
411 0.314000
412 0.333000
413 0.340000
414 0.325000
415 0.347000
416 0.331000
417 0.319000
418 0.320000
419 0.315000
420 0.330000
421 0.338000
422 0.340000
423 0.331000
424 0.338000
425 0.317000
426 0.319000
427 0.323000
428 0.332000
429 0.334000
430 0.326000
431 0.332000
432 0.354000
433 0.325000
434 0.335000
435 0.344000
436 0.334000
437 0.340000
438 0.321000
439 0.343000
440 0.314000
441 0.316000
442 0.333000
443 0.338000
444 0.321000
445 0.336000
446 0.331000
447 0.333000
448 0.353000
449 0.326000
450 0.318000
451 0.312000
452 0.345000
453 0.332000
454 0.310000
455 0.373000
456 0.295000
457 0.338000
458 0.355000
459 0.307000
460 0.367000
461 0.319000
462 0.320000
463 0.318000
464 0.334000
465 0.322000
466 0.336000
467 0.352000
468 0.321000
469 0.358000
470 0.334000
471 0.307000
472 0.302000
473 0.344000
474 0.334000
475 0.340000
476 0.350000
477 0.324000
478 0.347000
479 0.342000
480 0.309000
481 0.319000
482 0.334000
483 0.345000
484 0.347000
485 0.327000
486 0.312000
487 0.343000
488 0.311000
489 0.319000
490 0.353000
491 0.300000
492 0.356000
493 0.301000
494 0.337000
495 0.364000
496 0.342000
497 0.322000
498 0.325000
499 0.302000
500 0.325000
501 0.333000
502 0.323000
503 0.302000
504 0.327000
505 0.316000
506 0.329000
507 0.328000
508 0.331000
509 0.346000
510 0.305000
511 0.332000
512 0.319000
513 0.279000
514 0.355000
515 0.346000
516 0.339000
517 0.356000
518 0.334000
519 0.376000
520 0.328000
521 0.331000
522 0.326000
523 0.328000
524 0.317000
525 0.361000
526 0.317000
527 0.348000
528 0.310000
529 0.317000
530 0.337000
531 0.308000
532 0.328000
533 0.349000
534 0.332000
535 0.313000
536 0.336000
537 0.331000
538 0.357000
539 0.313000
540 0.362000
541 0.351000
542 0.337000
543 0.298000
544 0.331000
545 0.325000
546 0.342000
547 0.327000
548 0.339000
549 0.311000
550 0.314000
551 0.321000
552 0.303000
553 0.364000
554 0.332000
555 0.342000
556 0.316000
557 0.311000
558 0.318000
559 0.329000
560 0.321000
561 0.322000
562 0.327000
563 0.318000
564 0.348000
565 0.340000
566 0.306000
567 0.313000
568 0.315000
569 0.326000
570 0.328000
571 0.333000
572 0.328000
573 0.325000
574 0.317000
575 0.318000
576 0.338000
577 0.319000
578 0.336000
579 0.341000
580 0.352000
581 0.320000
582 0.328000
583 0.315000
584 0.329000
585 0.339000
586 0.327000
587 0.313000
588 0.339000
589 0.336000
590 0.320000
591 0.335000
592 0.341000
593 0.325000
594 0.300000
595 0.343000
596 0.337000
597 0.305000
598 0.327000
599 0.318000
600 0.284000
601 0.339000
602 0.304000
603 0.346000
604 0.327000
605 0.328000
606 0.315000
607 0.317000
608 0.316000
609 0.305000
610 0.311000
611 0.301000
612 0.330000
613 0.328000
614 0.312000
615 0.342000
616 0.318000
617 0.321000
618 0.358000
619 0.341000
620 0.328000
621 0.360000
622 0.345000
623 0.310000
624 0.338000
625 0.329000
626 0.310000
627 0.316000
628 0.328000
629 0.329000
630 0.313000
631 0.326000
632 0.331000
633 0.315000
634 0.299000
635 0.325000
636 0.339000
637 0.310000
638 0.331000
639 0.318000
640 0.302000
641 0.323000
642 0.315000
643 0.328000
644 0.312000
645 0.333000
646 0.312000
647 0.302000
648 0.323000
649 0.319000
650 0.333000
651 0.320000
652 0.311000
653 0.348000
654 0.338000
655 0.322000
656 0.327000
657 0.316000
658 0.320000
659 0.325000
660 0.324000
661 0.324000
662 0.302000
663 0.293000
664 0.307000
665 0.330000
666 0.328000
667 0.302000
668 0.326000
669 0.328000
670 0.330000
671 0.349000
672 0.332000
673 0.328000
674 0.336000
675 0.309000
676 0.319000
677 0.310000
678 0.329000
679 0.315000
680 0.325000
681 0.335000
682 0.329000
683 0.341000
684 0.286000
685 0.315000
686 0.332000
687 0.330000
688 0.326000
689 0.306000
690 0.325000
691 0.332000
692 0.335000
693 0.342000
694 0.316000
695 0.327000
696 0.318000
697 0.347000
698 0.348000
699 0.312000
700 0.297000
701 0.296000
702 0.318000
703 0.320000
704 0.307000
705 0.318000
706 0.332000
707 0.362000
708 0.329000
709 0.327000
710 0.382000
711 0.337000
712 0.331000
713 0.333000
714 0.326000
715 0.334000
716 0.342000
717 0.324000
718 0.320000
719 0.345000
720 0.333000
721 0.337000
722 0.306000
723 0.311000
724 0.318000
725 0.327000
726 0.329000
727 0.314000
728 0.338000
729 0.306000
730 0.339000
731 0.302000
732 0.325000
733 0.338000
734 0.319000
735 0.311000
736 0.319000
737 0.319000
738 0.324000
739 0.304000
740 0.320000
741 0.327000
742 0.330000
743 0.324000
744 0.330000
745 0.312000
746 0.318000
747 0.321000
748 0.290000
749 0.319000
750 0.370000
751 0.328000
752 0.317000
753 0.326000
754 0.310000
755 0.337000
756 0.329000
757 0.332000
758 0.350000
759 0.321000
760 0.324000
761 0.298000
762 0.318000
763 0.331000
764 0.284000
765 0.315000
766 0.304000
767 0.313000
768 0.316000
769 0.331000
770 0.314000
771 0.324000
772 0.313000
773 0.300000
774 0.331000
775 0.344000
776 0.324000
777 0.345000
778 0.313000
779 0.351000
780 0.324000
781 0.318000
782 0.357000
783 0.317000
784 0.337000
785 0.343000
786 0.299000
787 0.325000
788 0.333000
789 0.322000
790 0.341000
791 0.322000
792 0.326000
793 0.331000
794 0.331000
795 0.306000
796 0.328000
797 0.316000
798 0.337000
799 0.321000
800 0.334000
801 0.350000
802 0.315000
803 0.312000
804 0.322000
805 0.327000
806 0.323000
807 0.322000
808 0.320000
809 0.304000
810 0.349000
811 0.329000
812 0.334000
813 0.319000
814 0.319000
815 0.321000
816 0.339000
817 0.334000
818 0.308000
819 0.337000
820 0.331000
821 0.307000
822 0.333000
823 0.327000
824 0.318000
825 0.344000
826 0.343000
827 0.286000
828 0.325000
829 0.332000
830 0.313000
831 0.356000
832 0.341000
833 0.323000
834 0.329000
835 0.335000
836 0.344000
837 0.314000
838 0.340000
839 0.335000
840 0.353000
841 0.311000
842 0.322000
843 0.315000
844 0.307000
845 0.326000
846 0.281000
847 0.319000
848 0.324000
849 0.291000
850 0.347000
851 0.353000
852 0.352000
853 0.318000
854 0.340000
855 0.352000
856 0.352000
857 0.356000
858 0.353000
859 0.306000
860 0.326000
861 0.325000
862 0.319000
863 0.325000
864 0.346000
865 0.311000
866 0.321000
867 0.341000
868 0.324000
869 0.321000
870 0.361000
871 0.321000
872 0.314000
873 0.318000
874 0.322000
875 0.328000
876 0.296000
877 0.321000
878 0.299000
879 0.337000
880 0.345000
881 0.325000
882 0.293000
883 0.342000
884 0.298000
885 0.340000
886 0.330000
887 0.317000
888 0.328000
889 0.321000
890 0.334000
891 0.333000
892 0.324000
893 0.302000
894 0.333000
895 0.325000
896 0.341000
897 0.316000
898 0.324000
899 0.316000
900 0.302000
901 0.324000
902 0.334000
903 0.275000
904 0.307000
905 0.302000
906 0.324000
907 0.323000
908 0.323000
909 0.328000
910 0.314000
911 0.343000
912 0.326000
913 0.336000
914 0.346000
915 0.306000
916 0.297000
917 0.315000
918 0.333000
919 0.307000
920 0.296000
921 0.318000
922 0.319000
923 0.328000
924 0.309000
925 0.322000
926 0.314000
927 0.332000
928 0.330000
929 0.317000
930 0.292000
931 0.337000
932 0.304000
933 0.324000
934 0.307000
935 0.327000
936 0.335000
937 0.326000
938 0.319000
939 0.314000
940 0.304000
941 0.332000
942 0.317000
943 0.340000
944 0.324000
945 0.330000
946 0.317000
947 0.329000
948 0.331000
949 0.324000
950 0.332000
951 0.350000
952 0.341000
953 0.355000
954 0.338000
955 0.339000
956 0.341000
957 0.336000
958 0.302000
959 0.314000
960 0.309000
961 0.316000
962 0.319000
963 0.325000
964 0.335000
965 0.301000
966 0.300000
967 0.323000
968 0.328000
969 0.339000
970 0.316000
971 0.289000
972 0.323000
973 0.330000
974 0.311000
975 0.318000
976 0.345000
977 0.300000
978 0.311000
979 0.335000
980 0.299000
981 0.335000
982 0.340000
983 0.299000
984 0.320000
985 0.333000
986 0.293000
987 0.325000
988 0.345000
989 0.335000
990 0.339000
991 0.330000
992 0.313000
993 0.327000
994 0.341000
995 0.333000
996 0.309000
997 0.301000
998 0.286000
999 0.314000
