50 0.964000
51 0.966000
52 0.960000
53 0.964000
54 0.956000
55 0.970000
56 0.956000
57 0.966000
58 0.969000
59 0.966000
60 0.951000
61 0.951000
62 0.954000
63 0.952000
64 0.948000
65 0.954000
66 0.961000
67 0.958000
68 0.949000
69 0.953000
70 0.961000
71 0.959000
72 0.966000
73 0.964000
74 0.964000
75 0.960000
76 0.957000
77 0.953000
78 0.972000
79 0.961000
80 0.954000
81 0.942000
82 0.956000
83 0.944000
84 0.962000
85 0.955000
86 0.959000
87 0.954000
88 0.960000
89 0.963000
90 0.943000
91 0.949000
92 0.965000
93 0.958000
94 0.945000
95 0.957000
96 0.956000
97 0.964000
98 0.957000
99 0.969000
100 0.948000
101 0.952000
102 0.964000
103 0.959000
104 0.958000
105 0.940000
106 0.943000
107 0.954000
108 0.943000
109 0.959000
110 0.950000
111 0.969000
112 0.961000
113 0.950000
114 0.966000
115 0.958000
116 0.962000
117 0.960000
118 0.960000
119 0.955000
120 0.949000
121 0.942000
122 0.947000
123 0.964000
124 0.957000
125 0.954000
126 0.950000
127 0.942000
128 0.956000
129 0.944000
130 0.951000
131 0.951000
132 0.947000
133 0.968000
134 0.959000
135 0.958000
136 0.950000
137 0.961000
138 0.955000
139 0.946000
140 0.958000
141 0.940000
142 0.960000
143 0.960000
144 0.948000
145 0.959000
146 0.946000
147 0.947000
148 0.946000
149 0.964000
150 0.955000
151 0.964000
152 0.960000
153 0.957000
154 0.960000
155 0.965000
156 0.956000
157 0.948000
158 0.956000
159 0.955000
160 0.959000
161 0.953000
162 0.937000
163 0.947000
164 0.961000
165 0.962000
166 0.961000
167 0.954000
168 0.955000
169 0.968000
170 0.946000
171 0.953000
172 0.949000
173 0.960000
174 0.953000
175 0.938000
176 0.951000
177 0.948000
178 0.951000
179 0.959000
180 0.952000
181 0.943000
182 0.951000
183 0.949000
184 0.949000
185 0.954000
186 0.966000
187 0.951000
188 0.954000
189 0.952000
190 0.955000
191 0.948000
192 0.943000
193 0.962000
194 0.952000
195 0.951000
196 0.955000
197 0.953000
198 0.955000
199 0.952000
200 0.958000
201 0.932000
202 0.956000
203 0.945000
204 0.963000
205 0.948000
206 0.938000
207 0.944000
208 0.948000
209 0.957000
210 0.946000
211 0.940000
212 0.957000
213 0.957000
214 0.953000
215 0.952000
216 0.943000
217 0.955000
218 0.962000
219 0.957000
220 0.955000
221 0.956000
222 0.937000
223 0.953000
224 0.944000
225 0.952000
226 0.960000
227 0.950000
228 0.948000
229 0.953000
230 0.957000
231 0.954000
232 0.942000
233 0.954000
234 0.954000
235 0.944000
236 0.948000
237 0.950000
238 0.964000
239 0.948000
240 0.960000
241 0.945000
242 0.950000
243 0.952000
244 0.946000
245 0.933000
246 0.952000
247 0.969000
248 0.967000
249 0.957000
250 0.954000
251 0.952000
252 0.957000
253 0.946000
254 0.958000
255 0.962000
256 0.949000
257 0.949000
258 0.966000
259 0.954000
260 0.946000
261 0.944000
262 0.952000
263 0.950000
264 0.948000
265 0.946000
266 0.947000
267 0.951000
268 0.952000
269 0.949000
270 0.946000
271 0.955000
272 0.954000
273 0.965000
274 0.956000
275 0.956000
276 0.936000
277 0.947000
278 0.959000
279 0.956000
280 0.952000
281 0.958000
282 0.951000
283 0.951000
284 0.943000
285 0.952000
286 0.938000
287 0.954000
288 0.959000
289 0.954000
290 0.941000
291 0.943000
292 0.948000
293 0.946000
294 0.955000
295 0.954000
296 0.961000
297 0.953000
298 0.954000
299 0.938000
300 0.941000
301 0.940000
302 0.942000
303 0.939000
304 0.964000
305 0.955000
306 0.944000
307 0.944000
308 0.949000
309 0.956000
310 0.951000
311 0.953000
312 0.952000
313 0.949000
314 0.933000
315 0.957000
316 0.964000
317 0.951000
318 0.951000
319 0.962000
320 0.948000
321 0.957000
322 0.949000
323 0.946000
324 0.949000
325 0.952000
326 0.955000
327 0.942000
328 0.962000
329 0.947000
330 0.944000
331 0.953000
332 0.957000
333 0.948000
334 0.944000
335 0.935000
336 0.950000
337 0.953000
338 0.958000
339 0.955000
340 0.946000
341 0.946000
342 0.959000
343 0.951000
344 0.935000
345 0.944000
346 0.957000
347 0.959000
348 0.958000
349 0.951000
350 0.953000
351 0.950000
352 0.955000
353 0.955000
354 0.953000
355 0.950000
356 0.948000
357 0.948000
358 0.951000
359 0.949000
360 0.955000
361 0.952000
362 0.956000
363 0.948000
364 0.938000
365 0.954000
366 0.949000
367 0.944000
368 0.943000
369 0.940000
370 0.964000
371 0.943000
372 0.957000
373 0.951000
374 0.944000
375 0.950000
376 0.956000
377 0.957000
378 0.946000
379 0.952000
380 0.949000
381 0.958000
382 0.944000
383 0.945000
384 0.949000
385 0.957000
386 0.954000
387 0.958000
388 0.949000
389 0.944000
390 0.955000
391 0.937000
392 0.943000
393 0.950000
394 0.946000
395 0.954000
396 0.937000
397 0.958000
398 0.950000
399 0.954000
400 0.947000
401 0.955000
402 0.947000
403 0.949000
404 0.948000
405 0.951000
406 0.957000
407 0.951000
408 0.949000
409 0.947000
410 0.954000
411 0.936000
412 0.950000
413 0.948000
414 0.959000
415 0.949000
416 0.962000
417 0.947000
418 0.952000
419 0.957000
420 0.962000
421 0.948000
422 0.947000
423 0.949000
424 0.949000
425 0.959000
426 0.946000
427 0.957000
428 0.953000
429 0.948000
430 0.944000
431 0.948000
432 0.955000
433 0.961000
434 0.947000
435 0.949000
436 0.959000
437 0.952000
438 0.957000
439 0.957000
440 0.948000
441 0.935000
442 0.959000
443 0.941000
444 0.956000
445 0.948000
446 0.956000
447 0.945000
448 0.953000
449 0.944000
450 0.958000
451 0.955000
452 0.927000
453 0.954000
454 0.950000
455 0.963000
456 0.948000
457 0.956000
458 0.948000
459 0.942000
460 0.945000
461 0.948000
462 0.952000
463 0.948000
464 0.952000
465 0.945000
466 0.937000
467 0.940000
468 0.950000
469 0.952000
470 0.944000
471 0.951000
472 0.952000
473 0.947000
474 0.957000
475 0.936000
476 0.948000
477 0.953000
478 0.941000
479 0.944000
480 0.949000
481 0.953000
482 0.954000
483 0.952000
484 0.951000
485 0.957000
486 0.938000
487 0.956000
488 0.944000
489 0.963000
490 0.959000
491 0.946000
492 0.959000
493 0.948000
494 0.959000
495 0.947000
496 0.956000
497 0.951000
498 0.954000
499 0.955000
500 0.954000
501 0.954000
502 0.956000
503 0.939000
504 0.954000
505 0.950000
506 0.956000
507 0.953000
508 0.966000
509 0.945000
510 0.949000
511 0.948000
512 0.959000
513 0.944000
514 0.958000
515 0.950000
516 0.947000
517 0.948000
518 0.956000
519 0.944000
520 0.947000
521 0.946000
522 0.953000
523 0.944000
524 0.949000
525 0.936000
526 0.952000
527 0.958000
528 0.956000
529 0.957000
530 0.957000
531 0.949000
532 0.957000
533 0.954000
534 0.960000
535 0.960000
536 0.948000
537 0.952000
538 0.951000
539 0.938000
540 0.962000
541 0.952000
542 0.943000
543 0.941000
544 0.962000
545 0.945000
546 0.936000
547 0.942000
548 0.948000
549 0.953000
550 0.956000
551 0.958000
552 0.962000
553 0.956000
554 0.947000
555 0.956000
556 0.957000
557 0.946000
558 0.952000
559 0.951000
560 0.952000
561 0.936000
562 0.963000
563 0.945000
564 0.951000
565 0.944000
566 0.952000
567 0.956000
568 0.955000
569 0.946000
570 0.957000
571 0.959000
572 0.948000
573 0.955000
574 0.964000
575 0.945000
576 0.958000
577 0.933000
578 0.955000
579 0.951000
580 0.966000
581 0.950000
582 0.946000
583 0.939000
584 0.943000
585 0.947000
586 0.940000
587 0.965000
588 0.951000
589 0.947000
590 0.951000
591 0.955000
592 0.952000
593 0.962000
594 0.946000
595 0.952000
596 0.957000
597 0.951000
598 0.944000
599 0.951000
600 0.956000
601 0.953000
602 0.940000
603 0.952000
604 0.948000
605 0.944000
606 0.967000
607 0.948000
608 0.950000
609 0.946000
610 0.946000
611 0.957000
612 0.964000
613 0.945000
614 0.958000
615 0.951000
616 0.946000
617 0.953000
618 0.947000
619 0.957000
620 0.958000
621 0.948000
622 0.949000
623 0.942000
624 0.959000
625 0.948000
626 0.946000
627 0.954000
628 0.948000
629 0.945000
630 0.950000
631 0.951000
632 0.946000
633 0.959000
634 0.946000
635 0.952000
636 0.963000
637 0.952000
638 0.945000
639 0.963000
640 0.950000
641 0.953000
642 0.933000
643 0.956000
644 0.950000
645 0.956000
646 0.950000
647 0.958000
648 0.947000
649 0.956000
650 0.961000
651 0.940000
652 0.948000
653 0.943000
654 0.945000
655 0.955000
656 0.960000
657 0.951000
658 0.949000
659 0.955000
660 0.947000
661 0.955000
662 0.950000
663 0.956000
664 0.948000
665 0.950000
666 0.935000
667 0.951000
668 0.943000
669 0.953000
670 0.937000
671 0.964000
672 0.954000
673 0.954000
674 0.955000
675 0.954000
676 0.944000
677 0.955000
678 0.938000
679 0.944000
680 0.959000
681 0.949000
682 0.951000
683 0.942000
684 0.939000
685 0.958000
686 0.958000
687 0.952000
688 0.945000
689 0.961000
690 0.947000
691 0.956000
692 0.939000
693 0.949000
694 0.944000
695 0.962000
696 0.967000
697 0.954000
698 0.943000
699 0.948000
700 0.936000
701 0.947000
702 0.958000
703 0.950000
704 0.952000
705 0.944000
706 0.945000
707 0.957000
708 0.960000
709 0.960000
710 0.958000
711 0.963000
712 0.938000
713 0.935000
714 0.947000
715 0.947000
716 0.945000
717 0.956000
718 0.961000
719 0.962000
720 0.956000
721 0.953000
722 0.957000
723 0.958000
724 0.953000
725 0.945000
726 0.961000
727 0.950000
728 0.949000
729 0.949000
730 0.948000
731 0.949000
732 0.934000
733 0.956000
734 0.949000
735 0.952000
736 0.947000
737 0.950000
738 0.953000
739 0.959000
740 0.958000
741 0.953000
742 0.955000
743 0.951000
744 0.959000
745 0.938000
746 0.948000
747 0.953000
748 0.950000
749 0.932000
750 0.953000
751 0.958000
752 0.962000
753 0.948000
754 0.949000
755 0.955000
756 0.953000
757 0.956000
758 0.939000
759 0.944000
760 0.955000
761 0.952000
762 0.959000
763 0.960000
764 0.953000
765 0.965000
766 0.950000
767 0.957000
768 0.950000
769 0.947000
770 0.953000
771 0.948000
772 0.965000
773 0.940000
774 0.948000
775 0.947000
776 0.946000
777 0.965000
778 0.949000
779 0.950000
780 0.950000
781 0.952000
782 0.958000
783 0.958000
784 0.953000
785 0.962000
786 0.952000
787 0.951000
788 0.944000
789 0.956000
790 0.954000
791 0.955000
792 0.947000
793 0.944000
794 0.951000
795 0.953000
796 0.955000
797 0.954000
798 0.944000
799 0.946000
800 0.949000
801 0.931000
802 0.950000
803 0.946000
804 0.945000
805 0.944000
806 0.954000
807 0.955000
808 0.945000
809 0.961000
810 0.951000
811 0.961000
812 0.958000
813 0.937000
814 0.954000
815 0.943000
816 0.954000
817 0.947000
818 0.966000
819 0.952000
820 0.949000
821 0.948000
822 0.944000
823 0.949000
824 0.953000
825 0.950000
826 0.961000
827 0.941000
828 0.940000
829 0.943000
830 0.944000
831 0.952000
832 0.948000
833 0.955000
834 0.947000
835 0.952000
836 0.953000
837 0.953000
838 0.951000
839 0.953000
840 0.953000
841 0.949000
842 0.949000
843 0.951000
844 0.943000
845 0.955000
846 0.950000
847 0.961000
848 0.956000
849 0.961000
850 0.944000
851 0.954000
852 0.949000
853 0.948000
854 0.956000
855 0.958000
856 0.950000
857 0.960000
858 0.943000
859 0.949000
860 0.942000
861 0.962000
862 0.964000
863 0.942000
864 0.955000
865 0.955000
866 0.957000
867 0.957000
868 0.941000
869 0.944000
870 0.962000
871 0.953000
872 0.948000
873 0.950000
874 0.937000
875 0.961000
876 0.949000
877 0.948000
878 0.953000
879 0.950000
880 0.926000
881 0.954000
882 0.954000
883 0.965000
884 0.955000
885 0.945000
886 0.949000
887 0.949000
888 0.951000
889 0.943000
890 0.951000
891 0.953000
892 0.953000
893 0.942000
894 0.955000
895 0.952000
896 0.954000
897 0.948000
898 0.953000
899 0.950000
900 0.942000
901 0.948000
902 0.944000
903 0.942000
904 0.944000
905 0.937000
906 0.953000
907 0.965000
908 0.950000
909 0.945000
910 0.947000
911 0.954000
912 0.955000
913 0.959000
914 0.953000
915 0.950000
916 0.955000
917 0.934000
918 0.948000
919 0.946000
920 0.950000
921 0.953000
922 0.947000
923 0.965000
924 0.956000
925 0.940000
926 0.946000
927 0.951000
928 0.939000
929 0.961000
930 0.972000
931 0.943000
932 0.949000
933 0.954000
934 0.959000
935 0.954000
936 0.944000
937 0.951000
938 0.946000
939 0.951000
940 0.957000
941 0.940000
942 0.953000
943 0.961000
944 0.944000
945 0.951000
946 0.956000
947 0.957000
948 0.952000
949 0.948000
950 0.950000
951 0.940000
952 0.941000
953 0.946000
954 0.949000
955 0.950000
956 0.956000
957 0.958000
958 0.957000
959 0.952000
960 0.960000
961 0.951000
962 0.954000
963 0.957000
964 0.952000
965 0.949000
966 0.942000
967 0.947000
968 0.942000
969 0.950000
970 0.940000
971 0.948000
972 0.943000
973 0.950000
974 0.952000
975 0.952000
976 0.964000
977 0.961000
978 0.958000
979 0.946000
980 0.962000
981 0.957000
982 0.946000
983 0.949000
984 0.940000
985 0.964000
986 0.962000
987 0.951000
988 0.951000
989 0.937000
990 0.937000
991 0.949000
992 0.957000
993 0.937000
994 0.954000
995 0.956000
996 0.943000
997 0.947000
998 0.948000
999 0.953000
