50 0.700000
51 0.711000
52 0.699000
53 0.686000
54 0.685000
55 0.699000
56 0.684000
57 0.722000
58 0.691000
59 0.694000
60 0.619000
61 0.668000
62 0.643000
63 0.624000
64 0.649000
65 0.636000
66 0.648000
67 0.638000
68 0.635000
69 0.660000
70 0.666000
71 0.655000
72 0.646000
73 0.699000
74 0.647000
75 0.668000
76 0.654000
77 0.713000
78 0.668000
79 0.708000
80 0.636000
81 0.644000
82 0.641000
83 0.658000
84 0.637000
85 0.656000
86 0.667000
87 0.649000
88 0.619000
89 0.615000
90 0.651000
91 0.651000
92 0.648000
93 0.640000
94 0.676000
95 0.661000
96 0.665000
97 0.676000
98 0.656000
99 0.659000
100 0.627000
101 0.635000
102 0.602000
103 0.644000
104 0.650000
105 0.643000
106 0.630000
107 0.617000
108 0.644000
109 0.601000
110 0.637000
111 0.663000
112 0.642000
113 0.622000
114 0.672000
115 0.665000
116 0.649000
117 0.657000
118 0.648000
119 0.648000
120 0.620000
121 0.623000
122 0.609000
123 0.632000
124 0.653000
125 0.638000
126 0.635000
127 0.629000
128 0.653000
129 0.616000
130 0.631000
131 0.627000
132 0.651000
133 0.643000
134 0.650000
135 0.635000
136 0.642000
137 0.660000
138 0.661000
139 0.668000
140 0.640000
141 0.619000
142 0.606000
143 0.596000
144 0.606000
145 0.627000
146 0.643000
147 0.618000
148 0.630000
149 0.623000
150 0.623000
151 0.618000
152 0.652000
153 0.634000
154 0.641000
155 0.655000
156 0.626000
157 0.642000
158 0.641000
159 0.638000
160 0.612000
161 0.609000
162 0.605000
163 0.635000
164 0.606000
165 0.606000
166 0.639000
167 0.662000
168 0.638000
169 0.624000
170 0.653000
171 0.614000
172 0.624000
173 0.614000
174 0.644000
175 0.639000
176 0.653000
177 0.619000
178 0.632000
179 0.663000
180 0.639000
181 0.622000
182 0.629000
183 0.630000
184 0.630000
185 0.601000
186 0.623000
187 0.627000
188 0.630000
189 0.621000
190 0.618000
191 0.628000
192 0.642000
193 0.628000
194 0.647000
195 0.622000
196 0.656000
197 0.626000
198 0.632000
199 0.640000
200 0.644000
201 0.608000
202 0.621000
203 0.638000
204 0.636000
205 0.626000
206 0.593000
207 0.627000
208 0.614000
209 0.651000
210 0.640000
211 0.645000
212 0.623000
213 0.606000
214 0.634000
215 0.638000
216 0.653000
217 0.636000
218 0.634000
219 0.639000
220 0.611000
221 0.619000
222 0.639000
223 0.625000
224 0.628000
225 0.641000
226 0.637000
227 0.595000
228 0.629000
229 0.644000
230 0.618000
231 0.637000
232 0.628000
233 0.617000
234 0.649000
235 0.612000
236 0.644000
237 0.633000
238 0.649000
239 0.612000
240 0.609000
241 0.626000
242 0.611000
243 0.636000
244 0.603000
245 0.620000
246 0.620000
247 0.603000
248 0.614000
249 0.611000
250 0.621000
251 0.622000
252 0.619000
253 0.606000
254 0.637000
255 0.607000
256 0.654000
257 0.631000
258 0.619000
259 0.656000
260 0.612000
261 0.608000
262 0.624000
263 0.603000
264 0.595000
265 0.613000
266 0.627000
267 0.630000
268 0.620000
269 0.643000
270 0.593000
271 0.636000
272 0.640000
273 0.621000
274 0.644000
275 0.618000
276 0.608000
277 0.622000
278 0.633000
279 0.631000
280 0.634000
281 0.600000
282 0.610000
283 0.614000
284 0.600000
285 0.638000
286 0.625000
287 0.638000
288 0.610000
289 0.609000
290 0.636000
291 0.613000
292 0.647000
293 0.636000
294 0.630000
295 0.613000
296 0.617000
297 0.646000
298 0.622000
299 0.625000
300 0.635000
301 0.615000
302 0.603000
303 0.619000
304 0.607000
305 0.638000
306 0.619000
307 0.614000
308 0.634000
309 0.608000
310 0.613000
311 0.648000
312 0.624000
313 0.615000
314 0.640000
315 0.627000
316 0.619000
317 0.647000
318 0.626000
319 0.638000
320 0.625000
321 0.617000
322 0.587000
323 0.599000
324 0.631000
325 0.623000
326 0.594000
327 0.618000
328 0.644000
329 0.633000
330 0.594000
331 0.592000
332 0.607000
333 0.649000
334 0.611000
335 0.651000
336 0.606000
337 0.633000
338 0.645000
339 0.634000
340 0.655000
341 0.624000
342 0.607000
343 0.639000
344 0.629000
345 0.640000
346 0.627000
347 0.649000
348 0.598000
349 0.607000
350 0.649000
351 0.646000
352 0.629000
353 0.604000
354 0.651000
355 0.636000
356 0.629000
357 0.629000
358 0.618000
359 0.645000
360 0.610000
361 0.622000
362 0.620000
363 0.617000
364 0.599000
365 0.639000
366 0.607000
367 0.633000
368 0.622000
369 0.622000
370 0.603000
371 0.639000
372 0.626000
373 0.611000
374 0.597000
375 0.596000
376 0.620000
377 0.642000
378 0.617000
379 0.650000
380 0.576000
381 0.615000
382 0.620000
383 0.606000
384 0.637000
385 0.625000
386 0.619000
387 0.616000
388 0.638000
389 0.612000
390 0.632000
391 0.614000
392 0.622000
393 0.621000
394 0.610000
395 0.608000
396 0.625000
397 0.632000
398 0.622000
399 0.611000
400 0.634000
401 0.598000
402 0.601000
403 0.617000
404 0.631000
405 0.626000
406 0.644000
407 0.640000
408 0.637000
409 0.614000
410 0.640000
411 0.625000
412 0.603000
413 0.628000
414 0.600000
415 0.621000
416 0.624000
417 0.645000
418 0.654000
419 0.585000
420 0.620000
421 0.607000
422 0.596000
423 0.607000
424 0.612000
425 0.627000
426 0.611000
427 0.608000
428 0.619000
429 0.617000
430 0.614000
431 0.608000
432 0.655000
433 0.635000
434 0.644000
435 0.661000
436 0.635000
437 0.630000
438 0.623000
439 0.572000
440 0.632000
441 0.634000
442 0.632000
443 0.634000
444 0.634000
445 0.627000
446 0.615000
447 0.619000
448 0.616000
449 0.653000
450 0.607000
451 0.641000
452 0.619000
453 0.619000
454 0.601000
455 0.627000
456 0.669000
457 0.639000
458 0.647000
459 0.631000
460 0.609000
461 0.615000
462 0.624000
463 0.611000
464 0.601000
465 0.646000
466 0.630000
467 0.632000
468 0.654000
469 0.631000
470 0.607000
471 0.611000
472 0.650000
473 0.621000
474 0.611000
475 0.620000
476 0.606000
477 0.612000
478 0.629000
479 0.628000
480 0.637000
481 0.630000
482 0.602000
483 0.646000
484 0.587000
485 0.634000
486 0.630000
487 0.637000
488 0.623000
489 0.619000
490 0.646000
491 0.638000
492 0.593000
493 0.641000
494 0.647000
495 0.633000
496 0.634000
497 0.622000
498 0.610000
499 0.634000
500 0.605000
501 0.637000
502 0.585000
503 0.615000
504 0.631000
505 0.624000
506 0.641000
507 0.615000
508 0.612000
509 0.617000
510 0.642000
511 0.629000
512 0.621000
513 0.615000
514 0.620000
515 0.619000
516 0.622000
517 0.625000
518 0.624000
519 0.632000
520 0.626000
521 0.614000
522 0.611000
523 0.635000
524 0.612000
525 0.646000
526 0.636000
527 0.616000
528 0.617000
529 0.640000
530 0.629000
531 0.635000
532 0.625000
533 0.623000
534 0.619000
535 0.610000
536 0.614000
537 0.600000
538 0.637000
539 0.629000
540 0.629000
541 0.620000
542 0.620000
543 0.619000
544 0.597000
545 0.610000
546 0.634000
547 0.606000
548 0.620000
549 0.619000
550 0.613000
551 0.626000
552 0.630000
553 0.632000
554 0.631000
555 0.623000
556 0.648000
557 0.613000
558 0.629000
559 0.632000
560 0.623000
561 0.596000
562 0.617000
563 0.616000
564 0.607000
565 0.617000
566 0.627000
567 0.641000
568 0.631000
569 0.628000
570 0.609000
571 0.642000
572 0.609000
573 0.608000
574 0.639000
575 0.621000
576 0.614000
577 0.589000
578 0.624000
579 0.634000
580 0.615000
581 0.617000
582 0.606000
583 0.607000
584 0.620000
585 0.607000
586 0.633000
587 0.592000
588 0.616000
589 0.605000
590 0.596000
591 0.630000
592 0.612000
593 0.619000
594 0.611000
595 0.631000
596 0.643000
597 0.633000
598 0.628000
599 0.629000
600 0.609000
601 0.630000
602 0.611000
603 0.607000
604 0.591000
605 0.600000
606 0.627000
607 0.615000
608 0.637000
609 0.620000
610 0.637000
611 0.638000
612 0.600000
613 0.597000
614 0.612000
615 0.607000
616 0.613000
617 0.613000
618 0.629000
619 0.650000
620 0.636000
621 0.617000
622 0.616000
623 0.602000
624 0.600000
625 0.610000
626 0.615000
627 0.598000
628 0.601000
629 0.630000
630 0.633000
631 0.637000
632 0.627000
633 0.624000
634 0.606000
635 0.597000
636 0.610000
637 0.638000
638 0.610000
639 0.607000
640 0.608000
641 0.616000
642 0.630000
643 0.608000
644 0.615000
645 0.592000
646 0.620000
647 0.627000
648 0.625000
649 0.642000
650 0.629000
651 0.605000
652 0.611000
653 0.590000
654 0.608000
655 0.621000
656 0.634000
657 0.615000
658 0.617000
659 0.641000
660 0.625000
661 0.611000
662 0.606000
663 0.625000
664 0.622000
665 0.592000
666 0.608000
667 0.635000
668 0.662000
669 0.621000
670 0.627000
671 0.619000
672 0.638000
673 0.650000
674 0.594000
675 0.653000
676 0.627000
677 0.616000
678 0.609000
679 0.600000
680 0.627000
681 0.594000
682 0.620000
683 0.608000
684 0.598000
685 0.631000
686 0.631000
687 0.618000
688 0.647000
689 0.629000
690 0.622000
691 0.615000
692 0.623000
693 0.628000
694 0.677000
695 0.614000
696 0.641000
697 0.620000
698 0.606000
699 0.600000
700 0.624000
701 0.612000
702 0.630000
703 0.629000
704 0.638000
705 0.603000
706 0.650000
707 0.608000
708 0.596000
709 0.613000
710 0.625000
711 0.625000
712 0.624000
713 0.595000
714 0.612000
715 0.630000
716 0.619000
717 0.611000
718 0.646000
719 0.639000
720 0.624000
721 0.645000
722 0.571000
723 0.609000
724 0.628000
725 0.649000
726 0.617000
727 0.636000
728 0.618000
729 0.654000
730 0.622000
731 0.565000
732 0.621000
733 0.621000
734 0.618000
735 0.600000
736 0.622000
737 0.627000
738 0.634000
739 0.644000
740 0.591000
741 0.612000
742 0.612000
743 0.626000
744 0.611000
745 0.582000
746 0.614000
747 0.616000
748 0.604000
749 0.609000
750 0.660000
751 0.642000
752 0.605000
753 0.615000
754 0.623000
755 0.619000
756 0.616000
757 0.626000
758 0.611000
759 0.634000
760 0.610000
761 0.615000
762 0.611000
763 0.616000
764 0.593000
765 0.617000
766 0.622000
767 0.624000
768 0.650000
769 0.634000
770 0.600000
771 0.618000
772 0.636000
773 0.613000
774 0.600000
775 0.632000
776 0.627000
777 0.627000
778 0.603000
779 0.620000
780 0.621000
781 0.616000
782 0.630000
783 0.642000
784 0.605000
785 0.621000
786 0.635000
787 0.597000
788 0.627000
789 0.624000
790 0.625000
791 0.604000
792 0.601000
793 0.613000
794 0.644000
795 0.627000
796 0.602000
797 0.628000
798 0.577000
799 0.641000
800 0.580000
801 0.643000
802 0.610000
803 0.616000
804 0.602000
805 0.631000
806 0.619000
807 0.622000
808 0.637000
809 0.630000
810 0.633000
811 0.618000
812 0.601000
813 0.633000
814 0.608000
815 0.623000
816 0.633000
817 0.605000
818 0.605000
819 0.619000
820 0.643000
821 0.624000
822 0.631000
823 0.584000
824 0.619000
825 0.607000
826 0.628000
827 0.580000
828 0.585000
829 0.578000
830 0.591000
831 0.649000
832 0.608000
833 0.625000
834 0.631000
835 0.601000
836 0.622000
837 0.621000
838 0.608000
839 0.599000
840 0.613000
841 0.608000
842 0.635000
843 0.599000
844 0.637000
845 0.622000
846 0.617000
847 0.607000
848 0.623000
849 0.627000
850 0.629000
851 0.608000
852 0.611000
853 0.606000
854 0.618000
855 0.616000
856 0.622000
857 0.611000
858 0.614000
859 0.620000
860 0.606000
861 0.606000
862 0.626000
863 0.632000
864 0.618000
865 0.629000
866 0.626000
867 0.593000
868 0.600000
869 0.614000
870 0.628000
871 0.620000
872 0.598000
873 0.622000
874 0.626000
875 0.606000
876 0.633000
877 0.612000
878 0.605000
879 0.604000
880 0.601000
881 0.598000
882 0.631000
883 0.627000
884 0.640000
885 0.622000
886 0.602000
887 0.617000
888 0.624000
889 0.607000
890 0.639000
891 0.620000
892 0.583000
893 0.611000
894 0.625000
895 0.590000
896 0.633000
897 0.604000
898 0.638000
899 0.624000
900 0.614000
901 0.634000
902 0.608000
903 0.595000
904 0.610000
905 0.627000
906 0.593000
907 0.602000
908 0.588000
909 0.644000
910 0.622000
911 0.633000
912 0.614000
913 0.625000
914 0.625000
915 0.621000
916 0.619000
917 0.630000
918 0.604000
919 0.622000
920 0.617000
921 0.661000
922 0.613000
923 0.624000
924 0.613000
925 0.637000
926 0.634000
927 0.603000
928 0.630000
929 0.635000
930 0.604000
931 0.621000
932 0.634000
933 0.609000
934 0.594000
935 0.600000
936 0.591000
937 0.605000
938 0.624000
939 0.594000
940 0.611000
941 0.625000
942 0.619000
943 0.622000
944 0.609000
945 0.600000
946 0.615000
947 0.646000
948 0.618000
949 0.643000
950 0.597000
951 0.614000
952 0.615000
953 0.616000
954 0.635000
955 0.622000
956 0.607000
957 0.628000
958 0.634000
959 0.605000
960 0.631000
961 0.636000
962 0.635000
963 0.576000
964 0.600000
965 0.624000
966 0.635000
967 0.636000
968 0.648000
969 0.643000
970 0.604000
971 0.609000
972 0.622000
973 0.620000
974 0.629000
975 0.619000
976 0.612000
977 0.594000
978 0.625000
979 0.614000
980 0.640000
981 0.631000
982 0.620000
983 0.616000
984 0.623000
985 0.630000
986 0.621000
987 0.627000
988 0.600000
989 0.631000
990 0.631000
991 0.622000
992 0.610000
993 0.593000
994 0.618000
995 0.595000
996 0.610000
997 0.627000
998 0.593000
999 0.628000
