50 0.102000
51 0.088000
52 0.091000
53 0.114000
54 0.104000
55 0.107000
56 0.113000
57 0.112000
58 0.104000
59 0.127000
60 0.077000
61 0.071000
62 0.082000
63 0.076000
64 0.090000
65 0.089000
66 0.088000
67 0.093000
68 0.070000
69 0.090000
70 0.078000
71 0.103000
72 0.088000
73 0.073000
74 0.076000
75 0.093000
76 0.098000
77 0.078000
78 0.098000
79 0.100000
80 0.077000
81 0.069000
82 0.072000
83 0.072000
84 0.065000
85 0.065000
86 0.079000
87 0.088000
88 0.081000
89 0.076000
90 0.072000
91 0.080000
92 0.088000
93 0.070000
94 0.099000
95 0.090000
96 0.079000
97 0.086000
98 0.097000
99 0.078000
100 0.071000
101 0.072000
102 0.060000
103 0.068000
104 0.059000
105 0.079000
106 0.080000
107 0.084000
108 0.083000
109 0.080000
110 0.069000
111 0.080000
112 0.084000
113 0.082000
114 0.078000
115 0.077000
116 0.087000
117 0.082000
118 0.091000
119 0.104000
120 0.057000
121 0.075000
122 0.062000
123 0.075000
124 0.063000
125 0.075000
126 0.065000
127 0.078000
128 0.071000
129 0.075000
130 0.063000
131 0.078000
132 0.068000
133 0.068000
134 0.067000
135 0.058000
136 0.071000
137 0.085000
138 0.067000
139 0.084000
140 0.074000
141 0.074000
142 0.074000
143 0.065000
144 0.066000
145 0.076000
146 0.071000
147 0.070000
148 0.067000
149 0.079000
150 0.069000
151 0.069000
152 0.075000
153 0.066000
154 0.085000
155 0.069000
156 0.070000
157 0.078000
158 0.066000
159 0.076000
160 0.066000
161 0.062000
162 0.067000
163 0.062000
164 0.064000
165 0.058000
166 0.072000
167 0.080000
168 0.061000
169 0.078000
170 0.057000
171 0.062000
172 0.065000
173 0.073000
174 0.075000
175 0.074000
176 0.085000
177 0.092000
178 0.080000
179 0.070000
180 0.070000
181 0.070000
182 0.067000
183 0.065000
184 0.069000
185 0.063000
186 0.075000
187 0.065000
188 0.066000
189 0.071000
190 0.088000
191 0.058000
192 0.070000
193 0.074000
194 0.067000
195 0.079000
196 0.059000
197 0.081000
198 0.077000
199 0.067000
200 0.067000
201 0.076000
202 0.058000
203 0.065000
204 0.063000
205 0.051000
206 0.063000
207 0.075000
208 0.058000
209 0.068000
210 0.075000
211 0.075000
212 0.081000
213 0.079000
214 0.066000
215 0.068000
216 0.072000
217 0.053000
218 0.073000
219 0.068000
220 0.073000
221 0.053000
222 0.072000
223 0.060000
224 0.074000
225 0.075000
226 0.063000
227 0.076000
228 0.065000
229 0.074000
230 0.071000
231 0.067000
232 0.076000
233 0.067000
234 0.069000
235 0.085000
236 0.063000
237 0.060000
238 0.079000
239 0.063000
240 0.062000
241 0.063000
242 0.063000
243 0.071000
244 0.076000
245 0.073000
246 0.080000
247 0.069000
248 0.070000
249 0.054000
250 0.071000
251 0.075000
252 0.068000
253 0.072000
254 0.061000
255 0.067000
256 0.067000
257 0.068000
258 0.070000
259 0.065000
260 0.067000
261 0.058000
262 0.075000
263 0.055000
264 0.057000
265 0.054000
266 0.064000
267 0.076000
268 0.074000
269 0.064000
270 0.056000
271 0.076000
272 0.064000
273 0.054000
274 0.072000
275 0.081000
276 0.070000
277 0.065000
278 0.062000
279 0.076000
280 0.061000
281 0.069000
282 0.064000
283 0.065000
284 0.076000
285 0.057000
286 0.075000
287 0.061000
288 0.068000
289 0.065000
290 0.056000
291 0.060000
292 0.054000
293 0.060000
294 0.046000
295 0.066000
296 0.063000
297 0.072000
298 0.062000
299 0.073000
300 0.063000
301 0.058000
302 0.072000
303 0.056000
304 0.071000
305 0.063000
306 0.057000
307 0.054000
308 0.054000
309 0.059000
310 0.069000
311 0.079000
312 0.068000
313 0.053000
314 0.060000
315 0.079000
316 0.056000
317 0.062000
318 0.063000
319 0.059000
320 0.060000
321 0.064000
322 0.058000
323 0.062000
324 0.054000
325 0.056000
326 0.054000
327 0.079000
328 0.052000
329 0.054000
330 0.065000
331 0.071000
332 0.066000
333 0.072000
334 0.057000
335 0.067000
336 0.066000
337 0.074000
338 0.058000
339 0.065000
340 0.069000
341 0.062000
342 0.061000
343 0.063000
344 0.052000
345 0.060000
346 0.052000
347 0.052000
348 0.056000
349 0.063000
350 0.044000
351 0.058000
352 0.063000
353 0.060000
354 0.066000
355 0.051000
356 0.064000
357 0.062000
358 0.070000
359 0.063000
360 0.063000
361 0.068000
362 0.061000
363 0.067000
364 0.058000
365 0.062000
366 0.056000
367 0.054000
368 0.075000
369 0.065000
370 0.072000
371 0.063000
372 0.066000
373 0.060000
374 0.070000
375 0.057000
376 0.063000
377 0.059000
378 0.067000
379 0.057000
380 0.064000
381 0.071000
382 0.054000
383 0.054000
384 0.051000
385 0.053000
386 0.065000
387 0.072000
388 0.066000
389 0.062000
390 0.056000
391 0.064000
392 0.064000
393 0.065000
394 0.063000
395 0.064000
396 0.069000
397 0.073000
398 0.058000
399 0.059000
400 0.054000
401 0.059000
402 0.062000
403 0.065000
404 0.057000
405 0.046000
406 0.059000
407 0.066000
408 0.068000
409 0.071000
410 0.058000
411 0.078000
412 0.073000
413 0.062000
414 0.072000
415 0.069000
416 0.062000
417 0.075000
418 0.072000
419 0.061000
420 0.066000
421 0.063000
422 0.054000
423 0.061000
424 0.065000
425 0.063000
426 0.060000
427 0.066000
428 0.062000
429 0.058000
430 0.065000
431 0.062000
432 0.062000
433 0.073000
434 0.060000
435 0.058000
436 0.069000
437 0.084000
438 0.058000
439 0.064000
440 0.048000
441 0.061000
442 0.073000
443 0.068000
444 0.056000
445 0.054000
446 0.051000
447 0.054000
448 0.068000
449 0.070000
450 0.059000
451 0.065000
452 0.078000
453 0.078000
454 0.058000
455 0.067000
456 0.060000
457 0.057000
458 0.057000
459 0.060000
460 0.068000
461 0.060000
462 0.059000
463 0.060000
464 0.076000
465 0.060000
466 0.064000
467 0.070000
468 0.068000
469 0.066000
470 0.051000
471 0.069000
472 0.068000
473 0.056000
474 0.070000
475 0.070000
476 0.063000
477 0.067000
478 0.057000
479 0.073000
480 0.066000
481 0.050000
482 0.065000
483 0.071000
484 0.060000
485 0.074000
486 0.044000
487 0.054000
488 0.058000
489 0.070000
490 0.062000
491 0.075000
492 0.058000
493 0.075000
494 0.056000
495 0.067000
496 0.066000
497 0.059000
498 0.075000
499 0.064000
500 0.060000
501 0.056000
502 0.063000
503 0.049000
504 0.064000
505 0.063000
506 0.070000
507 0.059000
508 0.056000
509 0.046000
510 0.067000
511 0.060000
512 0.080000
513 0.072000
514 0.057000
515 0.062000
516 0.059000
517 0.054000
518 0.071000
519 0.064000
520 0.055000
521 0.052000
522 0.059000
523 0.045000
524 0.066000
525 0.064000
526 0.058000
527 0.066000
528 0.054000
529 0.060000
530 0.059000
531 0.053000
532 0.052000
533 0.064000
534 0.051000
535 0.063000
536 0.059000
537 0.072000
538 0.052000
539 0.071000
540 0.058000
541 0.066000
542 0.068000
543 0.077000
544 0.077000
545 0.050000
546 0.044000
547 0.066000
548 0.067000
549 0.054000
550 0.063000
551 0.063000
552 0.064000
553 0.062000
554 0.065000
555 0.045000
556 0.065000
557 0.075000
558 0.072000
559 0.072000
560 0.063000
561 0.060000
562 0.059000
563 0.074000
564 0.062000
565 0.059000
566 0.065000
567 0.048000
568 0.054000
569 0.055000
570 0.070000
571 0.064000
572 0.075000
573 0.063000
574 0.055000
575 0.074000
576 0.053000
577 0.067000
578 0.071000
579 0.074000
580 0.062000
581 0.069000
582 0.053000
583 0.051000
584 0.053000
585 0.066000
586 0.048000
587 0.055000
588 0.051000
589 0.071000
590 0.057000
591 0.048000
592 0.075000
593 0.068000
594 0.065000
595 0.051000
596 0.049000
597 0.063000
598 0.065000
599 0.063000
600 0.067000
601 0.065000
602 0.059000
603 0.059000
604 0.056000
605 0.068000
606 0.063000
607 0.052000
608 0.053000
609 0.069000
610 0.073000
611 0.062000
612 0.064000
613 0.059000
614 0.063000
615 0.073000
616 0.069000
617 0.056000
618 0.064000
619 0.061000
620 0.070000
621 0.065000
622 0.062000
623 0.060000
624 0.058000
625 0.078000
626 0.062000
627 0.058000
628 0.060000
629 0.065000
630 0.060000
631 0.065000
632 0.050000
633 0.075000
634 0.067000
635 0.075000
636 0.053000
637 0.067000
638 0.061000
639 0.065000
640 0.066000
641 0.071000
642 0.060000
643 0.049000
644 0.050000
645 0.057000
646 0.064000
647 0.063000
648 0.069000
649 0.059000
650 0.061000
651 0.065000
652 0.065000
653 0.054000
654 0.057000
655 0.066000
656 0.072000
657 0.061000
658 0.060000
659 0.061000
660 0.045000
661 0.061000
662 0.063000
663 0.060000
664 0.061000
665 0.056000
666 0.063000
667 0.064000
668 0.068000
669 0.066000
670 0.063000
671 0.058000
672 0.063000
673 0.062000
674 0.049000
675 0.078000
676 0.056000
677 0.067000
678 0.060000
679 0.053000
680 0.059000
681 0.069000
682 0.055000
683 0.051000
684 0.070000
685 0.063000
686 0.050000
687 0.054000
688 0.069000
689 0.065000
690 0.065000
691 0.066000
692 0.046000
693 0.075000
694 0.055000
695 0.066000
696 0.056000
697 0.068000
698 0.058000
699 0.066000
700 0.065000
701 0.059000
702 0.055000
703 0.078000
704 0.070000
705 0.060000
706 0.071000
707 0.055000
708 0.069000
709 0.064000
710 0.055000
711 0.063000
712 0.069000
713 0.078000
714 0.052000
715 0.065000
716 0.063000
717 0.066000
718 0.054000
719 0.074000
720 0.058000
721 0.043000
722 0.055000
723 0.069000
724 0.073000
725 0.051000
726 0.052000
727 0.065000
728 0.063000
729 0.051000
730 0.073000
731 0.067000
732 0.061000
733 0.071000
734 0.055000
735 0.064000
736 0.043000
737 0.066000
738 0.063000
739 0.059000
740 0.062000
741 0.061000
742 0.063000
743 0.072000
744 0.059000
745 0.063000
746 0.073000
747 0.063000
748 0.049000
749 0.079000
750 0.079000
751 0.064000
752 0.059000
753 0.045000
754 0.072000
755 0.059000
756 0.059000
757 0.051000
758 0.069000
759 0.053000
760 0.070000
761 0.068000
762 0.071000
763 0.058000
764 0.066000
765 0.075000
766 0.067000
767 0.045000
768 0.058000
769 0.062000
770 0.063000
771 0.074000
772 0.058000
773 0.070000
774 0.062000
775 0.069000
776 0.063000
777 0.066000
778 0.064000
779 0.069000
780 0.057000
781 0.060000
782 0.073000
783 0.043000
784 0.060000
785 0.045000
786 0.057000
787 0.063000
788 0.066000
789 0.062000
790 0.071000
791 0.059000
792 0.075000
793 0.050000
794 0.063000
795 0.061000
796 0.059000
797 0.054000
798 0.057000
799 0.068000
800 0.067000
801 0.057000
802 0.059000
803 0.064000
804 0.048000
805 0.058000
806 0.062000
807 0.062000
808 0.065000
809 0.060000
810 0.071000
811 0.062000
812 0.060000
813 0.087000
814 0.055000
815 0.061000
816 0.062000
817 0.057000
818 0.067000
819 0.055000
820 0.053000
821 0.056000
822 0.059000
823 0.068000
824 0.050000
825 0.065000
826 0.056000
827 0.052000
828 0.068000
829 0.060000
830 0.059000
831 0.052000
832 0.062000
833 0.066000
834 0.057000
835 0.081000
836 0.063000
837 0.055000
838 0.066000
839 0.071000
840 0.074000
841 0.051000
842 0.065000
843 0.059000
844 0.054000
845 0.055000
846 0.072000
847 0.051000
848 0.071000
849 0.052000
850 0.068000
851 0.053000
852 0.059000
853 0.060000
854 0.056000
855 0.062000
856 0.063000
857 0.073000
858 0.061000
859 0.052000
860 0.061000
861 0.062000
862 0.052000
863 0.059000
864 0.056000
865 0.073000
866 0.045000
867 0.058000
868 0.062000
869 0.065000
870 0.064000
871 0.062000
872 0.058000
873 0.053000
874 0.062000
875 0.079000
876 0.058000
877 0.055000
878 0.065000
879 0.048000
880 0.058000
881 0.067000
882 0.063000
883 0.074000
884 0.065000
885 0.062000
886 0.054000
887 0.062000
888 0.072000
889 0.063000
890 0.047000
891 0.076000
892 0.052000
893 0.053000
894 0.067000
895 0.052000
896 0.055000
897 0.067000
898 0.073000
899 0.058000
900 0.062000
901 0.069000
902 0.055000
903 0.076000
904 0.054000
905 0.063000
906 0.062000
907 0.062000
908 0.069000
909 0.054000
910 0.064000
911 0.057000
912 0.049000
913 0.059000
914 0.062000
915 0.059000
916 0.062000
917 0.055000
918 0.066000
919 0.070000
920 0.063000
921 0.069000
922 0.065000
923 0.051000
924 0.042000
925 0.058000
926 0.056000
927 0.060000
928 0.062000
929 0.062000
930 0.058000
931 0.076000
932 0.072000
933 0.051000
934 0.071000
935 0.053000
936 0.052000
937 0.043000
938 0.041000
939 0.071000
940 0.062000
941 0.051000
942 0.056000
943 0.057000
944 0.058000
945 0.047000
946 0.059000
947 0.059000
948 0.068000
949 0.067000
950 0.055000
951 0.066000
952 0.069000
953 0.068000
954 0.066000
955 0.051000
956 0.061000
957 0.062000
958 0.049000
959 0.070000
960 0.051000
961 0.063000
962 0.056000
963 0.055000
964 0.076000
965 0.072000
966 0.064000
967 0.063000
968 0.071000
969 0.065000
970 0.057000
971 0.047000
972 0.057000
973 0.063000
974 0.062000
975 0.070000
976 0.054000
977 0.067000
978 0.066000
979 0.053000
980 0.059000
981 0.060000
982 0.062000
983 0.054000
984 0.065000
985 0.062000
986 0.050000
987 0.051000
988 0.047000
989 0.059000
990 0.067000
991 0.061000
992 0.074000
993 0.057000
994 0.057000
995 0.069000
996 0.072000
997 0.054000
998 0.067000
999 0.056000
