50 0.079000
51 0.064000
52 0.085000
53 0.092000
54 0.070000
55 0.075000
56 0.084000
57 0.082000
58 0.071000
59 0.085000
60 0.040000
61 0.064000
62 0.061000
63 0.058000
64 0.053000
65 0.061000
66 0.065000
67 0.063000
68 0.064000
69 0.065000
70 0.061000
71 0.068000
72 0.052000
73 0.060000
74 0.061000
75 0.071000
76 0.071000
77 0.058000
78 0.072000
79 0.084000
80 0.042000
81 0.057000
82 0.056000
83 0.051000
84 0.056000
85 0.061000
86 0.053000
87 0.047000
88 0.045000
89 0.047000
90 0.068000
91 0.055000
92 0.046000
93 0.056000
94 0.061000
95 0.054000
96 0.062000
97 0.054000
98 0.049000
99 0.063000
100 0.043000
101 0.050000
102 0.053000
103 0.060000
104 0.044000
105 0.052000
106 0.053000
107 0.053000
108 0.057000
109 0.057000
110 0.054000
111 0.070000
112 0.062000
113 0.054000
114 0.053000
115 0.047000
116 0.054000
117 0.055000
118 0.074000
119 0.052000
120 0.035000
121 0.041000
122 0.049000
123 0.043000
124 0.060000
125 0.048000
126 0.052000
127 0.049000
128 0.061000
129 0.048000
130 0.051000
131 0.052000
132 0.051000
133 0.049000
134 0.050000
135 0.051000
136 0.045000
137 0.059000
138 0.051000
139 0.052000
140 0.044000
141 0.061000
142 0.041000
143 0.050000
144 0.039000
145 0.047000
146 0.031000
147 0.049000
148 0.044000
149 0.054000
150 0.041000
151 0.055000
152 0.053000
153 0.048000
154 0.059000
155 0.048000
156 0.051000
157 0.056000
158 0.058000
159 0.050000
160 0.042000
161 0.042000
162 0.045000
163 0.043000
164 0.043000
165 0.060000
166 0.049000
167 0.058000
168 0.052000
169 0.045000
170 0.060000
171 0.047000
172 0.047000
173 0.045000
174 0.055000
175 0.060000
176 0.042000
177 0.045000
178 0.045000
179 0.054000
180 0.033000
181 0.042000
182 0.037000
183 0.050000
184 0.052000
185 0.061000
186 0.055000
187 0.046000
188 0.045000
189 0.045000
190 0.047000
191 0.058000
192 0.044000
193 0.040000
194 0.044000
195 0.044000
196 0.039000
197 0.048000
198 0.059000
199 0.045000
200 0.049000
201 0.050000
202 0.050000
203 0.037000
204 0.049000
205 0.036000
206 0.052000
207 0.062000
208 0.047000
209 0.044000
210 0.054000
211 0.044000
212 0.049000
213 0.050000
214 0.054000
215 0.039000
216 0.063000
217 0.053000
218 0.070000
219 0.041000
220 0.042000
221 0.055000
222 0.050000
223 0.033000
224 0.044000
225 0.052000
226 0.043000
227 0.048000
228 0.048000
229 0.043000
230 0.059000
231 0.042000
232 0.048000
233 0.046000
234 0.050000
235 0.051000
236 0.047000
237 0.041000
238 0.033000
239 0.044000
240 0.038000
241 0.039000
242 0.046000
243 0.049000
244 0.042000
245 0.056000
246 0.034000
247 0.047000
248 0.046000
249 0.045000
250 0.051000
251 0.044000
252 0.043000
253 0.038000
254 0.057000
255 0.059000
256 0.049000
257 0.037000
258 0.048000
259 0.056000
260 0.039000
261 0.048000
262 0.048000
263 0.037000
264 0.044000
265 0.042000
266 0.048000
267 0.046000
268 0.048000
269 0.041000
270 0.052000
271 0.036000
272 0.043000
273 0.040000
274 0.053000
275 0.052000
276 0.044000
277 0.043000
278 0.039000
279 0.055000
280 0.044000
281 0.041000
282 0.044000
283 0.053000
284 0.051000
285 0.047000
286 0.037000
287 0.044000
288 0.042000
289 0.047000
290 0.049000
291 0.056000
292 0.037000
293 0.047000
294 0.059000
295 0.048000
296 0.047000
297 0.047000
298 0.049000
299 0.035000
300 0.049000
301 0.051000
302 0.048000
303 0.043000
304 0.028000
305 0.034000
306 0.033000
307 0.056000
308 0.050000
309 0.042000
310 0.052000
311 0.054000
312 0.053000
313 0.039000
314 0.037000
315 0.034000
316 0.046000
317 0.044000
318 0.046000
319 0.048000
320 0.055000
321 0.036000
322 0.043000
323 0.043000
324 0.052000
325 0.048000
326 0.058000
327 0.039000
328 0.038000
329 0.027000
330 0.039000
331 0.048000
332 0.045000
333 0.043000
334 0.050000
335 0.053000
336 0.050000
337 0.048000
338 0.054000
339 0.044000
340 0.041000
341 0.043000
342 0.046000
343 0.039000
344 0.045000
345 0.039000
346 0.045000
347 0.044000
348 0.040000
349 0.044000
350 0.045000
351 0.044000
352 0.040000
353 0.073000
354 0.063000
355 0.039000
356 0.040000
357 0.044000
358 0.042000
359 0.045000
360 0.040000
361 0.039000
362 0.047000
363 0.042000
364 0.040000
365 0.039000
366 0.044000
367 0.059000
368 0.043000
369 0.041000
370 0.046000
371 0.029000
372 0.043000
373 0.054000
374 0.055000
375 0.049000
376 0.045000
377 0.040000
378 0.047000
379 0.031000
380 0.040000
381 0.032000
382 0.044000
383 0.040000
384 0.052000
385 0.050000
386 0.041000
387 0.042000
388 0.038000
389 0.037000
390 0.042000
391 0.051000
392 0.045000
393 0.049000
394 0.041000
395 0.051000
396 0.035000
397 0.040000
398 0.037000
399 0.042000
400 0.040000
401 0.050000
402 0.048000
403 0.038000
404 0.029000
405 0.039000
406 0.039000
407 0.045000
408 0.043000
409 0.046000
410 0.049000
411 0.040000
412 0.040000
413 0.054000
414 0.043000
415 0.046000
416 0.050000
417 0.048000
418 0.037000
419 0.057000
420 0.047000
421 0.053000
422 0.043000
423 0.038000
424 0.052000
425 0.040000
426 0.042000
427 0.035000
428 0.051000
429 0.044000
430 0.038000
431 0.048000
432 0.043000
433 0.034000
434 0.034000
435 0.036000
436 0.045000
437 0.040000
438 0.048000
439 0.040000
440 0.039000
441 0.032000
442 0.038000
443 0.045000
444 0.042000
445 0.040000
446 0.046000
447 0.049000
448 0.043000
449 0.047000
450 0.036000
451 0.048000
452 0.052000
453 0.037000
454 0.053000
455 0.054000
456 0.038000
457 0.052000
458 0.038000
459 0.030000
460 0.043000
461 0.047000
462 0.039000
463 0.046000
464 0.052000
465 0.034000
466 0.036000
467 0.052000
468 0.045000
469 0.046000
470 0.048000
471 0.038000
472 0.047000
473 0.020000
474 0.042000
475 0.039000
476 0.034000
477 0.045000
478 0.051000
479 0.044000
480 0.047000
481 0.038000
482 0.049000
483 0.038000
484 0.050000
485 0.046000
486 0.040000
487 0.049000
488 0.036000
489 0.043000
490 0.036000
491 0.042000
492 0.049000
493 0.038000
494 0.047000
495 0.038000
496 0.055000
497 0.047000
498 0.048000
499 0.048000
500 0.047000
501 0.051000
502 0.041000
503 0.037000
504 0.039000
505 0.039000
506 0.053000
507 0.045000
508 0.037000
509 0.040000
510 0.043000
511 0.039000
512 0.043000
513 0.042000
514 0.040000
515 0.039000
516 0.044000
517 0.038000
518 0.049000
519 0.050000
520 0.061000
521 0.040000
522 0.038000
523 0.038000
524 0.050000
525 0.039000
526 0.040000
527 0.047000
528 0.044000
529 0.040000
530 0.041000
531 0.058000
532 0.044000
533 0.051000
534 0.038000
535 0.043000
536 0.043000
537 0.045000
538 0.063000
539 0.044000
540 0.038000
541 0.042000
542 0.052000
543 0.042000
544 0.037000
545 0.049000
546 0.039000
547 0.037000
548 0.057000
549 0.039000
550 0.045000
551 0.059000
552 0.044000
553 0.041000
554 0.034000
555 0.053000
556 0.040000
557 0.048000
558 0.041000
559 0.046000
560 0.033000
561 0.046000
562 0.039000
563 0.042000
564 0.042000
565 0.044000
566 0.040000
567 0.040000
568 0.039000
569 0.046000
570 0.048000
571 0.043000
572 0.039000
573 0.043000
574 0.039000
575 0.042000
576 0.041000
577 0.055000
578 0.042000
579 0.048000
580 0.038000
581 0.051000
582 0.039000
583 0.040000
584 0.040000
585 0.055000
586 0.047000
587 0.043000
588 0.041000
589 0.042000
590 0.041000
591 0.039000
592 0.025000
593 0.054000
594 0.039000
595 0.044000
596 0.037000
597 0.048000
598 0.048000
599 0.040000
600 0.055000
601 0.043000
602 0.042000
603 0.043000
604 0.046000
605 0.035000
606 0.046000
607 0.052000
608 0.049000
609 0.048000
610 0.031000
611 0.037000
612 0.052000
613 0.039000
614 0.047000
615 0.036000
616 0.039000
617 0.039000
618 0.040000
619 0.045000
620 0.048000
621 0.040000
622 0.036000
623 0.039000
624 0.045000
625 0.038000
626 0.047000
627 0.044000
628 0.037000
629 0.040000
630 0.038000
631 0.039000
632 0.048000
633 0.042000
634 0.049000
635 0.056000
636 0.041000
637 0.039000
638 0.052000
639 0.047000
640 0.034000
641 0.035000
642 0.049000
643 0.056000
644 0.045000
645 0.039000
646 0.044000
647 0.044000
648 0.055000
649 0.042000
650 0.055000
651 0.040000
652 0.030000
653 0.047000
654 0.049000
655 0.044000
656 0.040000
657 0.063000
658 0.035000
659 0.035000
660 0.042000
661 0.033000
662 0.037000
663 0.046000
664 0.042000
665 0.043000
666 0.045000
667 0.040000
668 0.037000
669 0.045000
670 0.041000
671 0.035000
672 0.047000
673 0.041000
674 0.034000
675 0.049000
676 0.042000
677 0.050000
678 0.055000
679 0.022000
680 0.043000
681 0.056000
682 0.049000
683 0.045000
684 0.041000
685 0.045000
686 0.043000
687 0.040000
688 0.031000
689 0.037000
690 0.046000
691 0.061000
692 0.041000
693 0.039000
694 0.039000
695 0.053000
696 0.049000
697 0.064000
698 0.048000
699 0.033000
700 0.045000
701 0.041000
702 0.038000
703 0.049000
704 0.046000
705 0.036000
706 0.035000
707 0.045000
708 0.036000
709 0.028000
710 0.041000
711 0.050000
712 0.038000
713 0.040000
714 0.047000
715 0.044000
716 0.053000
717 0.041000
718 0.046000
719 0.046000
720 0.042000
721 0.044000
722 0.039000
723 0.047000
724 0.052000
725 0.044000
726 0.033000
727 0.040000
728 0.035000
729 0.046000
730 0.042000
731 0.051000
732 0.039000
733 0.044000
734 0.039000
735 0.044000
736 0.049000
737 0.037000
738 0.046000
739 0.040000
740 0.048000
741 0.039000
742 0.053000
743 0.041000
744 0.048000
745 0.051000
746 0.033000
747 0.035000
748 0.041000
749 0.055000
750 0.042000
751 0.043000
752 0.036000
753 0.042000
754 0.036000
755 0.038000
756 0.039000
757 0.049000
758 0.046000
759 0.047000
760 0.045000
761 0.047000
762 0.039000
763 0.034000
764 0.043000
765 0.037000
766 0.038000
767 0.039000
768 0.043000
769 0.051000
770 0.044000
771 0.044000
772 0.042000
773 0.047000
774 0.038000
775 0.049000
776 0.038000
777 0.051000
778 0.046000
779 0.044000
780 0.045000
781 0.034000
782 0.043000
783 0.038000
784 0.043000
785 0.043000
786 0.047000
787 0.051000
788 0.030000
789 0.047000
790 0.045000
791 0.046000
792 0.044000
793 0.045000
794 0.041000
795 0.045000
796 0.045000
797 0.044000
798 0.043000
799 0.040000
800 0.039000
801 0.042000
802 0.046000
803 0.032000
804 0.048000
805 0.051000
806 0.045000
807 0.048000
808 0.042000
809 0.035000
810 0.053000
811 0.044000
812 0.045000
813 0.044000
814 0.037000
815 0.056000
816 0.054000
817 0.049000
818 0.034000
819 0.035000
820 0.048000
821 0.035000
822 0.048000
823 0.044000
824 0.048000
825 0.031000
826 0.033000
827 0.049000
828 0.044000
829 0.033000
830 0.028000
831 0.052000
832 0.036000
833 0.039000
834 0.045000
835 0.033000
836 0.055000
837 0.050000
838 0.040000
839 0.041000
840 0.047000
841 0.033000
842 0.048000
843 0.027000
844 0.046000
845 0.045000
846 0.043000
847 0.047000
848 0.039000
849 0.039000
850 0.047000
851 0.039000
852 0.032000
853 0.042000
854 0.044000
855 0.035000
856 0.036000
857 0.028000
858 0.053000
859 0.045000
860 0.041000
861 0.042000
862 0.041000
863 0.027000
864 0.041000
865 0.049000
866 0.048000
867 0.052000
868 0.047000
869 0.050000
870 0.042000
871 0.032000
872 0.038000
873 0.034000
874 0.045000
875 0.039000
876 0.042000
877 0.036000
878 0.041000
879 0.044000
880 0.046000
881 0.051000
882 0.034000
883 0.038000
884 0.039000
885 0.038000
886 0.040000
887 0.043000
888 0.056000
889 0.040000
890 0.028000
891 0.042000
892 0.026000
893 0.043000
894 0.043000
895 0.042000
896 0.030000
897 0.045000
898 0.041000
899 0.043000
900 0.049000
901 0.034000
902 0.033000
903 0.046000
904 0.039000
905 0.035000
906 0.040000
907 0.043000
908 0.034000
909 0.044000
910 0.034000
911 0.035000
912 0.050000
913 0.054000
914 0.034000
915 0.043000
916 0.035000
917 0.048000
918 0.039000
919 0.039000
920 0.041000
921 0.044000
922 0.037000
923 0.038000
924 0.048000
925 0.038000
926 0.049000
927 0.031000
928 0.040000
929 0.047000
930 0.043000
931 0.048000
932 0.050000
933 0.043000
934 0.038000
935 0.035000
936 0.036000
937 0.047000
938 0.046000
939 0.034000
940 0.036000
941 0.059000
942 0.039000
943 0.044000
944 0.038000
945 0.052000
946 0.040000
947 0.048000
948 0.038000
949 0.040000
950 0.041000
951 0.046000
952 0.037000
953 0.042000
954 0.051000
955 0.049000
956 0.038000
957 0.039000
958 0.047000
959 0.040000
960 0.049000
961 0.045000
962 0.038000
963 0.045000
964 0.044000
965 0.038000
966 0.035000
967 0.033000
968 0.048000
969 0.041000
970 0.036000
971 0.038000
972 0.039000
973 0.045000
974 0.036000
975 0.039000
976 0.041000
977 0.050000
978 0.044000
979 0.039000
980 0.046000
981 0.037000
982 0.041000
983 0.041000
984 0.033000
985 0.031000
986 0.046000
987 0.034000
988 0.037000
989 0.040000
990 0.047000
991 0.041000
992 0.043000
993 0.039000
994 0.043000
995 0.036000
996 0.041000
997 0.039000
998 0.047000
999 0.045000
