50 0.395000
51 0.420000
52 0.412000
53 0.451000
54 0.431000
55 0.456000
56 0.472000
57 0.419000
58 0.465000
59 0.444000
60 0.352000
61 0.377000
62 0.362000
63 0.378000
64 0.387000
65 0.386000
66 0.388000
67 0.411000
68 0.414000
69 0.363000
70 0.385000
71 0.414000
72 0.370000
73 0.403000
74 0.416000
75 0.422000
76 0.391000
77 0.409000
78 0.417000
79 0.403000
80 0.342000
81 0.349000
82 0.364000
83 0.380000
84 0.387000
85 0.382000
86 0.379000
87 0.369000
88 0.381000
89 0.380000
90 0.372000
91 0.385000
92 0.371000
93 0.406000
94 0.376000
95 0.379000
96 0.364000
97 0.384000
98 0.391000
99 0.353000
100 0.353000
101 0.364000
102 0.344000
103 0.370000
104 0.359000
105 0.343000
106 0.371000
107 0.373000
108 0.346000
109 0.387000
110 0.405000
111 0.353000
112 0.353000
113 0.391000
114 0.389000
115 0.375000
116 0.376000
117 0.350000
118 0.408000
119 0.396000
120 0.364000
121 0.344000
122 0.361000
123 0.347000
124 0.347000
125 0.339000
126 0.371000
127 0.354000
128 0.340000
129 0.371000
130 0.360000
131 0.348000
132 0.353000
133 0.363000
134 0.371000
135 0.374000
136 0.345000
137 0.391000
138 0.374000
139 0.372000
140 0.371000
141 0.347000
142 0.365000
143 0.350000
144 0.353000
145 0.368000
146 0.360000
147 0.358000
148 0.377000
149 0.373000
150 0.356000
151 0.384000
152 0.361000
153 0.361000
154 0.372000
155 0.397000
156 0.367000
157 0.353000
158 0.358000
159 0.354000
160 0.343000
161 0.363000
162 0.372000
163 0.317000
164 0.347000
165 0.353000
166 0.337000
167 0.376000
168 0.365000
169 0.355000
170 0.356000
171 0.343000
172 0.366000
173 0.346000
174 0.368000
175 0.368000
176 0.349000
177 0.364000
178 0.383000
179 0.385000
180 0.350000
181 0.331000
182 0.344000
183 0.348000
184 0.340000
185 0.335000
186 0.376000
187 0.366000
188 0.345000
189 0.374000
190 0.357000
191 0.347000
192 0.358000
193 0.354000
194 0.364000
195 0.363000
196 0.371000
197 0.361000
198 0.370000
199 0.381000
200 0.355000
201 0.354000
202 0.344000
203 0.349000
204 0.358000
205 0.359000
206 0.329000
207 0.330000
208 0.371000
209 0.363000
210 0.340000
211 0.371000
212 0.334000
213 0.340000
214 0.343000
215 0.380000
216 0.368000
217 0.374000
218 0.363000
219 0.360000
220 0.355000
221 0.329000
222 0.347000
223 0.346000
224 0.355000
225 0.374000
226 0.353000
227 0.351000
228 0.313000
229 0.338000
230 0.372000
231 0.339000
232 0.345000
233 0.356000
234 0.353000
235 0.366000
236 0.336000
237 0.353000
238 0.374000
239 0.347000
240 0.360000
241 0.357000
242 0.318000
243 0.340000
244 0.369000
245 0.359000
246 0.364000
247 0.331000
248 0.355000
249 0.356000
250 0.338000
251 0.372000
252 0.355000
253 0.344000
254 0.366000
255 0.367000
256 0.369000
257 0.373000
258 0.371000
259 0.356000
260 0.337000
261 0.362000
262 0.350000
263 0.341000
264 0.359000
265 0.360000
266 0.348000
267 0.364000
268 0.336000
269 0.353000
270 0.344000
271 0.356000
272 0.330000
273 0.356000
274 0.340000
275 0.361000
276 0.356000
277 0.376000
278 0.354000
279 0.359000
280 0.345000
281 0.335000
282 0.338000
283 0.369000
284 0.342000
285 0.339000
286 0.328000
287 0.337000
288 0.346000
289 0.334000
290 0.369000
291 0.331000
292 0.366000
293 0.363000
294 0.336000
295 0.378000
296 0.345000
297 0.351000
298 0.361000
299 0.357000
300 0.305000
301 0.363000
302 0.335000
303 0.352000
304 0.314000
305 0.321000
306 0.345000
307 0.346000
308 0.337000
309 0.361000
310 0.341000
311 0.334000
312 0.354000
313 0.355000
314 0.337000
315 0.332000
316 0.365000
317 0.349000
318 0.340000
319 0.349000
320 0.346000
321 0.367000
322 0.332000
323 0.337000
324 0.341000
325 0.352000
326 0.324000
327 0.355000
328 0.347000
329 0.337000
330 0.358000
331 0.333000
332 0.377000
333 0.323000
334 0.362000
335 0.349000
336 0.342000
337 0.355000
338 0.365000
339 0.354000
340 0.369000
341 0.328000
342 0.337000
343 0.354000
344 0.352000
345 0.351000
346 0.359000
347 0.334000
348 0.317000
349 0.352000
350 0.343000
351 0.341000
352 0.359000
353 0.363000
354 0.339000
355 0.382000
356 0.350000
357 0.327000
358 0.353000
359 0.357000
360 0.341000
361 0.327000
362 0.349000
363 0.349000
364 0.327000
365 0.361000
366 0.307000
367 0.338000
368 0.351000
369 0.343000
370 0.379000
371 0.338000
372 0.354000
373 0.358000
374 0.324000
375 0.331000
376 0.368000
377 0.361000
378 0.331000
379 0.338000
380 0.337000
381 0.358000
382 0.347000
383 0.342000
384 0.360000
385 0.340000
386 0.346000
387 0.343000
388 0.355000
389 0.365000
390 0.362000
391 0.356000
392 0.354000
393 0.352000
394 0.344000
395 0.366000
396 0.335000
397 0.354000
398 0.350000
399 0.368000
400 0.337000
401 0.352000
402 0.355000
403 0.347000
404 0.336000
405 0.370000
406 0.333000
407 0.341000
408 0.344000
409 0.374000
410 0.352000
411 0.323000
412 0.350000
413 0.330000
414 0.345000
415 0.371000
416 0.320000
417 0.316000
418 0.337000
419 0.339000
420 0.342000
421 0.321000
422 0.349000
423 0.360000
424 0.346000
425 0.360000
426 0.351000
427 0.335000
428 0.331000
429 0.341000
430 0.361000
431 0.319000
432 0.346000
433 0.361000
434 0.358000
435 0.377000
436 0.348000
437 0.343000
438 0.354000
439 0.356000
440 0.317000
441 0.361000
442 0.357000
443 0.358000
444 0.353000
445 0.321000
446 0.353000
447 0.363000
448 0.332000
449 0.347000
450 0.311000
451 0.323000
452 0.343000
453 0.349000
454 0.324000
455 0.352000
456 0.361000
457 0.350000
458 0.325000
459 0.325000
460 0.312000
461 0.331000
462 0.356000
463 0.332000
464 0.352000
465 0.343000
466 0.331000
467 0.343000
468 0.333000
469 0.352000
470 0.330000
471 0.345000
472 0.364000
473 0.365000
474 0.344000
475 0.349000
476 0.320000
477 0.348000
478 0.340000
479 0.353000
480 0.360000
481 0.316000
482 0.344000
483 0.347000
484 0.355000
485 0.351000
486 0.334000
487 0.352000
488 0.336000
489 0.349000
490 0.356000
491 0.347000
492 0.349000
493 0.320000
494 0.332000
495 0.349000
496 0.349000
497 0.330000
498 0.359000
499 0.360000
500 0.374000
501 0.342000
502 0.337000
503 0.322000
504 0.325000
505 0.343000
506 0.364000
507 0.362000
508 0.339000
509 0.372000
510 0.338000
511 0.337000
512 0.334000
513 0.378000
514 0.344000
515 0.325000
516 0.309000
517 0.348000
518 0.330000
519 0.369000
520 0.339000
521 0.361000
522 0.363000
523 0.351000
524 0.360000
525 0.335000
526 0.330000
527 0.351000
528 0.352000
529 0.349000
530 0.351000
531 0.356000
532 0.329000
533 0.326000
534 0.345000
535 0.348000
536 0.316000
537 0.348000
538 0.349000
539 0.333000
540 0.331000
541 0.344000
542 0.319000
543 0.350000
544 0.325000
545 0.320000
546 0.314000
547 0.331000
548 0.328000
549 0.327000
550 0.359000
551 0.335000
552 0.329000
553 0.365000
554 0.347000
555 0.350000
556 0.354000
557 0.350000
558 0.330000
559 0.384000
560 0.335000
561 0.353000
562 0.319000
563 0.345000
564 0.323000
565 0.336000
566 0.326000
567 0.364000
568 0.348000
569 0.341000
570 0.342000
571 0.355000
572 0.331000
573 0.373000
574 0.367000
575 0.375000
576 0.345000
577 0.379000
578 0.337000
579 0.329000
580 0.347000
581 0.322000
582 0.327000
583 0.338000
584 0.338000
585 0.350000
586 0.347000
587 0.347000
588 0.350000
589 0.334000
590 0.356000
591 0.339000
592 0.346000
593 0.381000
594 0.334000
595 0.309000
596 0.329000
597 0.340000
598 0.341000
599 0.349000
600 0.331000
601 0.342000
602 0.346000
603 0.354000
604 0.307000
605 0.369000
606 0.337000
607 0.352000
608 0.320000
609 0.357000
610 0.307000
611 0.319000
612 0.352000
613 0.370000
614 0.344000
615 0.324000
616 0.313000
617 0.352000
618 0.326000
619 0.340000
620 0.344000
621 0.359000
622 0.327000
623 0.351000
624 0.366000
625 0.343000
626 0.345000
627 0.319000
628 0.308000
629 0.346000
630 0.330000
631 0.351000
632 0.343000
633 0.333000
634 0.335000
635 0.355000
636 0.357000
637 0.334000
638 0.324000
639 0.358000
640 0.334000
641 0.321000
642 0.327000
643 0.352000
644 0.338000
645 0.384000
646 0.361000
647 0.329000
648 0.343000
649 0.352000
650 0.337000
651 0.361000
652 0.367000
653 0.347000
654 0.352000
655 0.346000
656 0.339000
657 0.356000
658 0.336000
659 0.323000
660 0.341000
661 0.343000
662 0.318000
663 0.319000
664 0.362000
665 0.340000
666 0.330000
667 0.336000
668 0.330000
669 0.335000
670 0.345000
671 0.334000
672 0.329000
673 0.310000
674 0.353000
675 0.354000
676 0.321000
677 0.335000
678 0.340000
679 0.357000
680 0.349000
681 0.359000
682 0.362000
683 0.363000
684 0.321000
685 0.307000
686 0.337000
687 0.350000
688 0.322000
689 0.369000
690 0.342000
691 0.336000
692 0.348000
693 0.321000
694 0.344000
695 0.356000
696 0.339000
697 0.328000
698 0.353000
699 0.353000
700 0.334000
701 0.339000
702 0.336000
703 0.308000
704 0.335000
705 0.366000
706 0.365000
707 0.318000
708 0.334000
709 0.357000
710 0.337000
711 0.352000
712 0.345000
713 0.338000
714 0.334000
715 0.357000
716 0.359000
717 0.368000
718 0.349000
719 0.333000
720 0.332000
721 0.343000
722 0.348000
723 0.310000
724 0.321000
725 0.326000
726 0.345000
727 0.325000
728 0.342000
729 0.328000
730 0.333000
731 0.350000
732 0.326000
733 0.312000
734 0.310000
735 0.357000
736 0.354000
737 0.372000
738 0.342000
739 0.365000
740 0.323000
741 0.351000
742 0.331000
743 0.344000
744 0.346000
745 0.333000
746 0.343000
747 0.343000
748 0.332000
749 0.353000
750 0.352000
751 0.347000
752 0.358000
753 0.359000
754 0.332000
755 0.331000
756 0.317000
757 0.340000
758 0.369000
759 0.357000
760 0.298000
761 0.313000
762 0.346000
763 0.332000
764 0.360000
765 0.361000
766 0.309000
767 0.347000
768 0.349000
769 0.345000
770 0.350000
771 0.352000
772 0.366000
773 0.351000
774 0.348000
775 0.360000
776 0.334000
777 0.333000
778 0.346000
779 0.333000
780 0.342000
781 0.296000
782 0.353000
783 0.327000
784 0.364000
785 0.341000
786 0.320000
787 0.317000
788 0.347000
789 0.346000
790 0.345000
791 0.337000
792 0.353000
793 0.337000
794 0.340000
795 0.353000
796 0.376000
797 0.347000
798 0.337000
799 0.359000
800 0.342000
801 0.339000
802 0.341000
803 0.332000
804 0.342000
805 0.347000
806 0.347000
807 0.353000
808 0.324000
809 0.328000
810 0.346000
811 0.370000
812 0.348000
813 0.353000
814 0.339000
815 0.334000
816 0.344000
817 0.347000
818 0.348000
819 0.342000
820 0.356000
821 0.326000
822 0.350000
823 0.328000
824 0.347000
825 0.333000
826 0.347000
827 0.360000
828 0.333000
829 0.341000
830 0.335000
831 0.336000
832 0.334000
833 0.352000
834 0.318000
835 0.335000
836 0.334000
837 0.376000
838 0.331000
839 0.345000
840 0.351000
841 0.340000
842 0.346000
843 0.346000
844 0.322000
845 0.333000
846 0.357000
847 0.332000
848 0.346000
849 0.323000
850 0.348000
851 0.362000
852 0.334000
853 0.322000
854 0.338000
855 0.336000
856 0.308000
857 0.350000
858 0.350000
859 0.339000
860 0.329000
861 0.333000
862 0.367000
863 0.339000
864 0.325000
865 0.376000
866 0.341000
867 0.352000
868 0.337000
869 0.363000
870 0.350000
871 0.326000
872 0.345000
873 0.352000
874 0.328000
875 0.368000
876 0.334000
877 0.347000
878 0.337000
879 0.363000
880 0.369000
881 0.340000
882 0.361000
883 0.367000
884 0.363000
885 0.339000
886 0.324000
887 0.348000
888 0.349000
889 0.322000
890 0.356000
891 0.350000
892 0.348000
893 0.348000
894 0.357000
895 0.317000
896 0.370000
897 0.344000
898 0.329000
899 0.334000
900 0.344000
901 0.356000
902 0.364000
903 0.326000
904 0.310000
905 0.343000
906 0.368000
907 0.330000
908 0.346000
909 0.355000
910 0.348000
911 0.358000
912 0.330000
913 0.315000
914 0.334000
915 0.355000
916 0.324000
917 0.343000
918 0.347000
919 0.342000
920 0.325000
921 0.356000
922 0.362000
923 0.324000
924 0.340000
925 0.329000
926 0.322000
927 0.358000
928 0.343000
929 0.346000
930 0.335000
931 0.335000
932 0.338000
933 0.345000
934 0.349000
935 0.343000
936 0.358000
937 0.340000
938 0.356000
939 0.344000
940 0.333000
941 0.327000
942 0.346000
943 0.354000
944 0.351000
945 0.336000
946 0.317000
947 0.345000
948 0.326000
949 0.338000
950 0.359000
951 0.361000
952 0.322000
953 0.351000
954 0.362000
955 0.373000
956 0.362000
957 0.330000
958 0.363000
959 0.349000
960 0.334000
961 0.337000
962 0.349000
963 0.335000
964 0.310000
965 0.341000
966 0.342000
967 0.340000
968 0.343000
969 0.319000
970 0.323000
971 0.324000
972 0.326000
973 0.349000
974 0.321000
975 0.308000
976 0.365000
977 0.345000
978 0.338000
979 0.332000
980 0.355000
981 0.343000
982 0.342000
983 0.340000
984 0.355000
985 0.320000
986 0.338000
987 0.331000
988 0.343000
989 0.321000
990 0.352000
991 0.357000
992 0.323000
993 0.334000
994 0.348000
995 0.346000
996 0.352000
997 0.336000
998 0.315000
999 0.343000
