50 0.959000
51 0.971000
52 0.961000
53 0.957000
54 0.972000
55 0.968000
56 0.970000
57 0.965000
58 0.965000
59 0.963000
60 0.948000
61 0.959000
62 0.955000
63 0.949000
64 0.958000
65 0.958000
66 0.953000
67 0.967000
68 0.954000
69 0.957000
70 0.947000
71 0.970000
72 0.965000
73 0.952000
74 0.956000
75 0.962000
76 0.962000
77 0.952000
78 0.968000
79 0.976000
80 0.951000
81 0.953000
82 0.952000
83 0.958000
84 0.951000
85 0.954000
86 0.960000
87 0.961000
88 0.962000
89 0.955000
90 0.952000
91 0.962000
92 0.959000
93 0.944000
94 0.960000
95 0.958000
96 0.958000
97 0.967000
98 0.958000
99 0.966000
100 0.954000
101 0.944000
102 0.955000
103 0.954000
104 0.953000
105 0.955000
106 0.944000
107 0.970000
108 0.956000
109 0.957000
110 0.948000
111 0.957000
112 0.955000
113 0.957000
114 0.962000
115 0.965000
116 0.956000
117 0.961000
118 0.965000
119 0.955000
120 0.944000
121 0.941000
122 0.937000
123 0.961000
124 0.955000
125 0.944000
126 0.957000
127 0.950000
128 0.955000
129 0.949000
130 0.955000
131 0.958000
132 0.957000
133 0.958000
134 0.964000
135 0.967000
136 0.965000
137 0.965000
138 0.956000
139 0.971000
140 0.953000
141 0.944000
142 0.955000
143 0.946000
144 0.968000
145 0.952000
146 0.946000
147 0.946000
148 0.964000
149 0.962000
150 0.954000
151 0.956000
152 0.970000
153 0.967000
154 0.962000
155 0.949000
156 0.960000
157 0.964000
158 0.947000
159 0.955000
160 0.944000
161 0.948000
162 0.956000
163 0.951000
164 0.955000
165 0.957000
166 0.942000
167 0.956000
168 0.958000
169 0.951000
170 0.956000
171 0.964000
172 0.961000
173 0.957000
174 0.966000
175 0.949000
176 0.958000
177 0.953000
178 0.948000
179 0.954000
180 0.950000
181 0.949000
182 0.937000
183 0.939000
184 0.951000
185 0.955000
186 0.954000
187 0.952000
188 0.953000
189 0.938000
190 0.948000
191 0.959000
192 0.963000
193 0.956000
194 0.963000
195 0.954000
196 0.950000
197 0.971000
198 0.952000
199 0.967000
200 0.959000
201 0.949000
202 0.961000
203 0.969000
204 0.953000
205 0.958000
206 0.949000
207 0.958000
208 0.952000
209 0.954000
210 0.952000
211 0.960000
212 0.961000
213 0.954000
214 0.962000
215 0.957000
216 0.951000
217 0.962000
218 0.959000
219 0.954000
220 0.943000
221 0.954000
222 0.956000
223 0.954000
224 0.950000
225 0.950000
226 0.955000
227 0.963000
228 0.965000
229 0.956000
230 0.947000
231 0.949000
232 0.953000
233 0.951000
234 0.962000
235 0.951000
236 0.957000
237 0.959000
238 0.961000
239 0.951000
240 0.937000
241 0.959000
242 0.942000
243 0.943000
244 0.953000
245 0.951000
246 0.941000
247 0.961000
248 0.947000
249 0.964000
250 0.954000
251 0.950000
252 0.945000
253 0.946000
254 0.962000
255 0.949000
256 0.973000
257 0.954000
258 0.948000
259 0.958000
260 0.952000
261 0.949000
262 0.939000
263 0.956000
264 0.950000
265 0.950000
266 0.956000
267 0.962000
268 0.958000
269 0.951000
270 0.950000
271 0.965000
272 0.962000
273 0.958000
274 0.962000
275 0.959000
276 0.949000
277 0.939000
278 0.943000
279 0.959000
280 0.953000
281 0.947000
282 0.955000
283 0.950000
284 0.939000
285 0.965000
286 0.950000
287 0.947000
288 0.952000
289 0.949000
290 0.963000
291 0.956000
292 0.955000
293 0.948000
294 0.950000
295 0.955000
296 0.947000
297 0.953000
298 0.952000
299 0.959000
300 0.958000
301 0.955000
302 0.950000
303 0.949000
304 0.955000
305 0.959000
306 0.950000
307 0.955000
308 0.954000
309 0.962000
310 0.941000
311 0.953000
312 0.953000
313 0.954000
314 0.954000
315 0.959000
316 0.953000
317 0.951000
318 0.943000
319 0.955000
320 0.958000
321 0.951000
322 0.954000
323 0.955000
324 0.957000
325 0.955000
326 0.961000
327 0.947000
328 0.950000
329 0.956000
330 0.945000
331 0.955000
332 0.952000
333 0.953000
334 0.952000
335 0.949000
336 0.959000
337 0.965000
338 0.937000
339 0.949000
340 0.944000
341 0.950000
342 0.954000
343 0.944000
344 0.936000
345 0.958000
346 0.952000
347 0.957000
348 0.951000
349 0.956000
350 0.955000
351 0.950000
352 0.948000
353 0.954000
354 0.957000
355 0.955000
356 0.951000
357 0.949000
358 0.942000
359 0.969000
360 0.947000
361 0.953000
362 0.950000
363 0.951000
364 0.960000
365 0.946000
366 0.945000
367 0.946000
368 0.945000
369 0.952000
370 0.946000
369 0.944000
370 0.949000
371 0.944000
372 0.960000
373 0.947000
374 0.958000
375 0.960000
376 0.954000
377 0.957000
378 0.955000
379 0.956000
380 0.953000
381 0.955000
382 0.942000
383 0.948000
384 0.944000
385 0.952000
386 0.965000
387 0.944000
388 0.947000
389 0.950000
390 0.956000
391 0.968000
392 0.944000
393 0.958000
394 0.946000
395 0.961000
396 0.969000
397 0.958000
398 0.953000
399 0.958000
400 0.947000
401 0.941000
402 0.955000
403 0.944000
404 0.960000
405 0.950000
406 0.952000
407 0.949000
408 0.941000
409 0.944000
410 0.952000
411 0.945000
412 0.962000
413 0.953000
414 0.957000
415 0.953000
416 0.943000
417 0.967000
418 0.933000
419 0.947000
420 0.950000
421 0.957000
422 0.968000
423 0.942000
424 0.952000
425 0.955000
426 0.956000
427 0.956000
428 0.958000
429 0.955000
430 0.954000
431 0.949000
432 0.953000
433 0.955000
434 0.950000
435 0.925000
436 0.957000
437 0.937000
438 0.966000
439 0.949000
440 0.956000
441 0.953000
442 0.949000
443 0.944000
444 0.957000
445 0.953000
446 0.957000
447 0.950000
448 0.954000
449 0.954000
450 0.955000
451 0.951000
452 0.946000
453 0.944000
454 0.950000
455 0.960000
456 0.960000
457 0.958000
458 0.953000
459 0.957000
460 0.955000
461 0.948000
462 0.962000
463 0.962000
464 0.962000
465 0.959000
466 0.952000
467 0.951000
468 0.942000
469 0.958000
470 0.959000
471 0.968000
472 0.950000
473 0.961000
474 0.960000
475 0.956000
476 0.951000
477 0.953000
478 0.956000
479 0.958000
480 0.950000
481 0.954000
482 0.954000
483 0.946000
484 0.941000
485 0.953000
486 0.944000
487 0.954000
488 0.943000
489 0.957000
490 0.939000
491 0.966000
492 0.947000
493 0.956000
494 0.964000
495 0.957000
496 0.959000
497 0.952000
498 0.951000
499 0.943000
500 0.956000
501 0.953000
502 0.954000
503 0.946000
504 0.960000
505 0.942000
506 0.954000
507 0.946000
508 0.948000
509 0.951000
510 0.956000
511 0.948000
512 0.955000
513 0.947000
514 0.960000
515 0.956000
516 0.962000
517 0.946000
518 0.962000
519 0.950000
520 0.950000
521 0.952000
522 0.943000
523 0.963000
524 0.950000
525 0.950000
526 0.952000
527 0.945000
528 0.956000
529 0.954000
530 0.959000
531 0.952000
532 0.954000
533 0.960000
534 0.952000
535 0.944000
536 0.957000
537 0.966000
538 0.943000
539 0.953000
540 0.944000
541 0.972000
542 0.955000
543 0.949000
544 0.951000
545 0.955000
546 0.962000
547 0.929000
548 0.951000
549 0.945000
550 0.947000
551 0.949000
552 0.941000
553 0.952000
554 0.964000
555 0.968000
556 0.955000
557 0.957000
558 0.957000
559 0.955000
560 0.955000
561 0.959000
562 0.953000
563 0.955000
564 0.956000
565 0.956000
566 0.957000
567 0.961000
568 0.952000
569 0.952000
570 0.951000
571 0.957000
572 0.946000
573 0.952000
574 0.952000
575 0.958000
576 0.952000
577 0.943000
578 0.959000
579 0.941000
580 0.949000
581 0.941000
582 0.948000
583 0.953000
584 0.945000
585 0.946000
586 0.948000
587 0.950000
588 0.948000
589 0.955000
590 0.953000
591 0.948000
592 0.957000
593 0.953000
594 0.944000
595 0.957000
596 0.950000
597 0.958000
598 0.935000
599 0.949000
600 0.959000
601 0.959000
602 0.946000
603 0.958000
604 0.949000
605 0.959000
606 0.933000
607 0.947000
608 0.950000
609 0.951000
610 0.953000
611 0.951000
612 0.947000
613 0.951000
614 0.955000
615 0.953000
616 0.960000
617 0.961000
618 0.963000
619 0.950000
620 0.943000
621 0.951000
622 0.953000
623 0.944000
624 0.960000
625 0.962000
626 0.949000
627 0.953000
628 0.949000
629 0.951000
630 0.945000
631 0.946000
632 0.954000
633 0.951000
634 0.953000
635 0.957000
636 0.938000
637 0.955000
638 0.965000
639 0.955000
640 0.955000
641 0.942000
642 0.954000
643 0.953000
644 0.947000
645 0.945000
646 0.953000
647 0.957000
648 0.963000
649 0.964000
650 0.946000
651 0.955000
652 0.955000
653 0.956000
654 0.957000
655 0.951000
656 0.949000
657 0.958000
658 0.957000
659 0.941000
660 0.948000
661 0.947000
662 0.955000
663 0.952000
664 0.943000
665 0.949000
666 0.958000
667 0.961000
668 0.966000
669 0.958000
670 0.955000
671 0.942000
672 0.952000
673 0.950000
674 0.966000
675 0.935000
676 0.948000
677 0.953000
678 0.957000
679 0.947000
680 0.961000
681 0.946000
682 0.962000
683 0.958000
684 0.956000
685 0.953000
686 0.957000
687 0.945000
688 0.950000
689 0.964000
690 0.956000
691 0.953000
692 0.942000
693 0.947000
694 0.948000
695 0.954000
696 0.953000
697 0.959000
698 0.961000
699 0.960000
700 0.946000
701 0.941000
702 0.948000
703 0.952000
704 0.951000
705 0.952000
706 0.961000
707 0.950000
708 0.953000
709 0.941000
710 0.934000
711 0.956000
712 0.957000
713 0.944000
714 0.953000
715 0.953000
716 0.948000
717 0.957000
718 0.963000
719 0.952000
720 0.955000
721 0.958000
722 0.944000
723 0.949000
724 0.954000
725 0.949000
726 0.956000
727 0.947000
728 0.943000
729 0.942000
730 0.958000
731 0.957000
732 0.957000
733 0.946000
734 0.956000
735 0.960000
736 0.953000
737 0.955000
738 0.954000
739 0.951000
740 0.932000
741 0.958000
742 0.951000
743 0.954000
744 0.947000
745 0.937000
746 0.952000
747 0.950000
748 0.951000
749 0.957000
750 0.946000
751 0.965000
752 0.950000
753 0.950000
754 0.959000
755 0.950000
756 0.951000
757 0.957000
758 0.952000
759 0.959000
760 0.945000
761 0.958000
762 0.962000
763 0.946000
764 0.943000
765 0.957000
766 0.955000
767 0.948000
768 0.956000
769 0.958000
770 0.944000
771 0.949000
772 0.938000
773 0.956000
774 0.961000
775 0.948000
776 0.959000
777 0.949000
778 0.958000
779 0.943000
780 0.953000
781 0.957000
782 0.954000
783 0.962000
784 0.961000
785 0.947000
786 0.949000
787 0.957000
788 0.935000
789 0.949000
790 0.955000
791 0.951000
792 0.942000
793 0.952000
794 0.965000
795 0.959000
796 0.954000
797 0.950000
798 0.949000
799 0.946000
800 0.953000
801 0.942000
802 0.954000
803 0.949000
804 0.948000
805 0.944000
806 0.943000
807 0.948000
808 0.962000
809 0.943000
810 0.950000
811 0.954000
812 0.947000
813 0.945000
814 0.950000
815 0.952000
816 0.952000
817 0.954000
818 0.957000
819 0.950000
820 0.951000
821 0.950000
822 0.947000
823 0.949000
824 0.967000
825 0.956000
826 0.953000
827 0.949000
828 0.939000
829 0.951000
830 0.950000
831 0.957000
832 0.951000
833 0.944000
834 0.948000
835 0.951000
836 0.957000
837 0.952000
838 0.954000
839 0.947000
840 0.958000
841 0.950000
842 0.956000
843 0.964000
844 0.943000
845 0.954000
846 0.957000
847 0.953000
848 0.953000
849 0.947000
850 0.937000
851 0.960000
852 0.947000
853 0.955000
854 0.941000
855 0.955000
856 0.962000
857 0.945000
858 0.954000
859 0.957000
860 0.955000
861 0.949000
862 0.956000
863 0.955000
864 0.956000
865 0.939000
866 0.944000
867 0.948000
868 0.952000
869 0.954000
870 0.955000
871 0.953000
872 0.950000
873 0.953000
874 0.963000
875 0.955000
876 0.943000
877 0.960000
878 0.940000
879 0.951000
880 0.950000
881 0.958000
882 0.948000
883 0.947000
884 0.939000
885 0.962000
886 0.956000
887 0.934000
888 0.944000
889 0.944000
890 0.950000
891 0.945000
892 0.953000
893 0.951000
894 0.951000
895 0.953000
896 0.952000
897 0.953000
898 0.942000
899 0.948000
900 0.955000
901 0.958000
902 0.952000
903 0.953000
904 0.956000
905 0.959000
906 0.949000
907 0.951000
908 0.948000
909 0.962000
910 0.955000
911 0.958000
912 0.952000
913 0.961000
914 0.950000
915 0.948000
916 0.953000
917 0.955000
918 0.944000
919 0.953000
920 0.947000
921 0.956000
922 0.949000
923 0.950000
924 0.959000
925 0.950000
926 0.950000
927 0.951000
928 0.945000
929 0.955000
930 0.947000
931 0.945000
932 0.955000
933 0.945000
934 0.948000
935 0.949000
936 0.952000
937 0.947000
938 0.947000
939 0.952000
940 0.962000
941 0.939000
942 0.950000
943 0.947000
944 0.954000
945 0.959000
946 0.958000
947 0.948000
948 0.952000
949 0.949000
950 0.953000
951 0.954000
952 0.946000
953 0.947000
954 0.947000
955 0.955000
956 0.955000
957 0.947000
958 0.946000
959 0.961000
960 0.940000
961 0.959000
962 0.949000
963 0.948000
964 0.954000
965 0.952000
966 0.951000
967 0.960000
968 0.931000
969 0.951000
970 0.955000
971 0.942000
972 0.957000
973 0.960000
974 0.960000
975 0.957000
976 0.964000
977 0.951000
978 0.954000
979 0.955000
980 0.958000
981 0.946000
982 0.950000
983 0.952000
984 0.956000
985 0.955000
986 0.952000
987 0.954000
988 0.945000
989 0.949000
990 0.945000
991 0.948000
992 0.963000
993 0.959000
994 0.948000
995 0.952000
996 0.941000
997 0.946000
998 0.952000
999 0.955000
