50 0.964000
51 0.961000
52 0.970000
53 0.960000
54 0.972000
55 0.965000
56 0.973000
57 0.968000
58 0.962000
59 0.966000
60 0.950000
61 0.950000
62 0.951000
63 0.959000
64 0.961000
65 0.975000
66 0.945000
67 0.948000
68 0.946000
69 0.970000
70 0.961000
71 0.964000
72 0.957000
73 0.958000
74 0.976000
75 0.966000
76 0.962000
77 0.959000
78 0.962000
79 0.970000
80 0.946000
81 0.942000
82 0.964000
83 0.960000
84 0.956000
85 0.953000
86 0.952000
87 0.950000
88 0.949000
89 0.956000
90 0.969000
91 0.959000
92 0.957000
93 0.957000
94 0.964000
95 0.947000
96 0.966000
97 0.961000
98 0.962000
99 0.957000
100 0.943000
101 0.951000
102 0.953000
103 0.953000
104 0.954000
105 0.942000
106 0.959000
107 0.940000
108 0.947000
109 0.954000
110 0.953000
111 0.967000
112 0.952000
113 0.964000
114 0.960000
115 0.947000
116 0.959000
117 0.951000
118 0.960000
119 0.964000
120 0.950000
121 0.950000
122 0.954000
123 0.948000
124 0.964000
125 0.951000
126 0.949000
127 0.954000
128 0.949000
129 0.953000
130 0.957000
131 0.957000
132 0.954000
133 0.952000
134 0.955000
135 0.962000
136 0.945000
137 0.956000
138 0.963000
139 0.959000
140 0.956000
141 0.948000
142 0.957000
143 0.954000
144 0.944000
145 0.946000
146 0.943000
147 0.952000
148 0.956000
149 0.942000
150 0.959000
151 0.956000
152 0.968000
153 0.950000
154 0.958000
155 0.954000
156 0.957000
157 0.950000
158 0.975000
159 0.958000
160 0.957000
161 0.957000
162 0.947000
163 0.942000
164 0.949000
165 0.943000
166 0.943000
167 0.958000
168 0.944000
169 0.952000
170 0.939000
171 0.960000
172 0.947000
173 0.960000
174 0.961000
175 0.953000
176 0.951000
177 0.948000
178 0.960000
179 0.967000
180 0.942000
181 0.958000
182 0.960000
183 0.953000
184 0.956000
185 0.939000
186 0.966000
187 0.950000
188 0.964000
189 0.945000
190 0.957000
191 0.957000
192 0.944000
193 0.954000
194 0.960000
195 0.945000
196 0.954000
197 0.961000
198 0.954000
199 0.951000
200 0.954000
201 0.944000
202 0.947000
203 0.949000
204 0.958000
205 0.956000
206 0.965000
207 0.969000
208 0.938000
209 0.955000
210 0.940000
211 0.950000
212 0.955000
213 0.957000
214 0.954000
215 0.947000
216 0.960000
217 0.947000
218 0.960000
219 0.961000
220 0.959000
221 0.942000
222 0.951000
223 0.950000
224 0.952000
225 0.954000
226 0.953000
227 0.961000
228 0.956000
229 0.960000
230 0.948000
231 0.936000
232 0.958000
233 0.954000
234 0.941000
235 0.951000
236 0.957000
237 0.952000
238 0.961000
239 0.959000
240 0.956000
241 0.954000
242 0.963000
243 0.964000
244 0.955000
245 0.949000
246 0.966000
247 0.950000
248 0.943000
249 0.952000
250 0.956000
251 0.960000
252 0.955000
253 0.959000
254 0.959000
255 0.955000
256 0.965000
257 0.961000
258 0.954000
259 0.962000
260 0.949000
261 0.951000
262 0.949000
263 0.954000
264 0.938000
265 0.947000
266 0.967000
267 0.955000
268 0.960000
269 0.962000
270 0.950000
271 0.951000
272 0.953000
273 0.955000
274 0.958000
275 0.952000
276 0.962000
277 0.950000
278 0.947000
279 0.956000
280 0.955000
281 0.956000
282 0.944000
283 0.954000
284 0.955000
285 0.952000
286 0.957000
287 0.957000
288 0.960000
289 0.940000
290 0.957000
291 0.947000
292 0.948000
293 0.952000
294 0.934000
295 0.952000
296 0.950000
297 0.951000
298 0.942000
299 0.955000
300 0.960000
301 0.956000
302 0.946000
303 0.951000
304 0.943000
305 0.946000
306 0.954000
307 0.944000
308 0.953000
309 0.959000
310 0.947000
311 0.954000
312 0.955000
313 0.955000
314 0.953000
315 0.953000
316 0.954000
317 0.951000
318 0.949000
319 0.936000
320 0.951000
321 0.952000
322 0.960000
323 0.943000
324 0.958000
325 0.950000
326 0.952000
327 0.943000
328 0.953000
329 0.959000
330 0.963000
331 0.946000
332 0.957000
333 0.948000
334 0.950000
335 0.950000
336 0.958000
337 0.949000
338 0.959000
339 0.956000
340 0.952000
341 0.951000
342 0.948000
343 0.951000
344 0.960000
345 0.949000
346 0.952000
347 0.963000
348 0.961000
349 0.946000
350 0.955000
351 0.949000
352 0.936000
353 0.947000
354 0.957000
355 0.949000
356 0.939000
357 0.958000
358 0.967000
359 0.964000
360 0.962000
361 0.955000
362 0.953000
363 0.949000
364 0.944000
365 0.946000
366 0.941000
367 0.951000
368 0.954000
369 0.961000
370 0.962000
371 0.960000
372 0.948000
373 0.950000
374 0.933000
375 0.961000
376 0.962000
377 0.951000
378 0.958000
379 0.963000
380 0.952000
381 0.961000
382 0.967000
383 0.959000
384 0.960000
385 0.945000
386 0.952000
387 0.963000
388 0.941000
389 0.958000
390 0.939000
391 0.955000
392 0.953000
393 0.949000
394 0.950000
395 0.940000
396 0.950000
397 0.952000
398 0.954000
399 0.942000
400 0.937000
401 0.950000
402 0.953000
403 0.960000
404 0.945000
405 0.953000
406 0.959000
407 0.968000
408 0.952000
409 0.962000
410 0.962000
411 0.952000
412 0.953000
413 0.943000
414 0.956000
415 0.956000
416 0.944000
417 0.954000
418 0.950000
419 0.936000
420 0.962000
421 0.941000
422 0.958000
423 0.944000
424 0.947000
425 0.944000
426 0.950000
427 0.959000
428 0.937000
429 0.957000
430 0.959000
431 0.944000
432 0.963000
433 0.950000
434 0.953000
435 0.953000
436 0.961000
437 0.947000
438 0.945000
439 0.954000
440 0.948000
441 0.946000
442 0.941000
443 0.955000
444 0.952000
445 0.946000
446 0.951000
447 0.945000
448 0.951000
449 0.959000
450 0.950000
451 0.947000
452 0.947000
453 0.946000
454 0.953000
455 0.958000
456 0.943000
457 0.957000
458 0.962000
459 0.957000
460 0.959000
461 0.943000
462 0.946000
463 0.953000
464 0.953000
465 0.954000
466 0.947000
467 0.956000
468 0.954000
469 0.947000
470 0.946000
471 0.943000
472 0.959000
473 0.952000
474 0.941000
475 0.955000
476 0.953000
477 0.954000
478 0.951000
479 0.957000
480 0.950000
481 0.951000
482 0.965000
483 0.949000
484 0.943000
485 0.953000
486 0.949000
487 0.951000
488 0.950000
489 0.948000
490 0.959000
491 0.952000
492 0.952000
493 0.952000
494 0.951000
495 0.951000
496 0.957000
497 0.949000
498 0.959000
499 0.953000
500 0.948000
501 0.966000
502 0.949000
503 0.954000
504 0.962000
505 0.945000
506 0.954000
507 0.954000
508 0.948000
509 0.960000
510 0.953000
511 0.959000
512 0.955000
513 0.945000
514 0.956000
515 0.954000
516 0.949000
517 0.954000
518 0.955000
519 0.949000
520 0.939000
521 0.957000
522 0.948000
523 0.954000
524 0.943000
525 0.955000
526 0.946000
527 0.950000
528 0.948000
529 0.948000
530 0.947000
531 0.958000
532 0.948000
533 0.963000
534 0.944000
535 0.945000
536 0.955000
537 0.949000
538 0.964000
539 0.956000
540 0.962000
541 0.953000
542 0.953000
543 0.950000
544 0.942000
545 0.949000
546 0.954000
547 0.954000
548 0.954000
549 0.942000
550 0.956000
551 0.949000
552 0.951000
553 0.956000
554 0.954000
555 0.959000
556 0.951000
557 0.950000
558 0.957000
559 0.942000
560 0.944000
561 0.952000
562 0.950000
563 0.952000
564 0.961000
565 0.949000
566 0.944000
567 0.958000
568 0.957000
569 0.948000
570 0.955000
571 0.952000
572 0.944000
573 0.950000
574 0.961000
575 0.944000
576 0.954000
577 0.954000
578 0.953000
579 0.950000
580 0.963000
581 0.959000
582 0.951000
583 0.958000
584 0.954000
585 0.945000
586 0.954000
587 0.949000
588 0.949000
589 0.939000
590 0.952000
591 0.953000
592 0.955000
593 0.948000
594 0.945000
595 0.952000
596 0.956000
597 0.949000
598 0.963000
599 0.958000
600 0.951000
601 0.952000
602 0.962000
603 0.961000
604 0.950000
605 0.959000
606 0.948000
607 0.961000
608 0.955000
609 0.942000
610 0.946000
611 0.952000
612 0.945000
613 0.947000
614 0.953000
615 0.953000
616 0.941000
617 0.956000
618 0.956000
619 0.947000
620 0.956000
621 0.958000
622 0.948000
623 0.949000
624 0.941000
625 0.949000
626 0.941000
627 0.952000
628 0.949000
629 0.949000
630 0.957000
631 0.949000
632 0.961000
633 0.957000
634 0.950000
635 0.961000
636 0.953000
637 0.953000
638 0.939000
639 0.960000
640 0.945000
641 0.946000
642 0.954000
643 0.958000
644 0.947000
645 0.941000
646 0.947000
647 0.947000
648 0.951000
649 0.950000
650 0.945000
651 0.955000
652 0.947000
653 0.946000
654 0.954000
655 0.942000
656 0.946000
657 0.961000
658 0.944000
659 0.957000
660 0.950000
661 0.945000
662 0.952000
663 0.958000
664 0.931000
665 0.944000
666 0.947000
667 0.940000
668 0.949000
669 0.961000
670 0.966000
671 0.948000
672 0.952000
673 0.946000
674 0.953000
675 0.949000
676 0.941000
677 0.949000
678 0.958000
679 0.943000
680 0.943000
681 0.952000
682 0.943000
683 0.951000
684 0.955000
685 0.951000
686 0.950000
687 0.954000
688 0.951000
689 0.946000
690 0.963000
691 0.955000
692 0.947000
693 0.955000
694 0.959000
695 0.958000
696 0.947000
697 0.960000
698 0.957000
699 0.955000
700 0.949000
701 0.971000
702 0.956000
703 0.946000
704 0.953000
705 0.953000
706 0.936000
707 0.950000
708 0.955000
709 0.954000
710 0.943000
711 0.938000
712 0.947000
713 0.951000
714 0.956000
715 0.952000
716 0.952000
717 0.957000
718 0.954000
719 0.947000
720 0.946000
721 0.942000
722 0.941000
723 0.942000
724 0.960000
725 0.945000
726 0.957000
727 0.957000
728 0.941000
729 0.949000
730 0.956000
731 0.957000
732 0.955000
733 0.952000
734 0.955000
735 0.942000
736 0.942000
737 0.957000
738 0.952000
739 0.953000
740 0.962000
741 0.957000
742 0.935000
743 0.956000
744 0.961000
745 0.947000
746 0.951000
747 0.937000
748 0.955000
749 0.948000
750 0.958000
751 0.948000
752 0.951000
753 0.953000
754 0.954000
755 0.949000
756 0.950000
757 0.951000
758 0.957000
759 0.950000
760 0.937000
761 0.949000
762 0.951000
763 0.953000
764 0.964000
765 0.949000
766 0.952000
767 0.944000
768 0.961000
769 0.950000
770 0.957000
771 0.951000
772 0.946000
773 0.957000
774 0.958000
775 0.942000
776 0.965000
777 0.956000
778 0.953000
779 0.947000
780 0.951000
781 0.956000
782 0.938000
783 0.943000
784 0.941000
785 0.938000
786 0.941000
787 0.958000
788 0.947000
789 0.963000
790 0.960000
791 0.956000
792 0.953000
793 0.959000
794 0.940000
795 0.937000
796 0.961000
797 0.951000
798 0.956000
799 0.943000
800 0.945000
801 0.939000
802 0.946000
803 0.952000
804 0.961000
805 0.958000
806 0.945000
807 0.963000
808 0.945000
809 0.946000
810 0.954000
811 0.952000
812 0.960000
813 0.955000
814 0.941000
815 0.949000
816 0.959000
817 0.954000
818 0.950000
819 0.935000
820 0.952000
821 0.953000
822 0.956000
823 0.947000
824 0.961000
825 0.951000
826 0.966000
827 0.953000
828 0.960000
829 0.952000
830 0.955000
831 0.941000
832 0.952000
833 0.946000
834 0.953000
835 0.952000
836 0.959000
837 0.949000
838 0.964000
839 0.948000
840 0.948000
841 0.951000
842 0.950000
843 0.938000
844 0.947000
845 0.954000
846 0.956000
847 0.957000
848 0.942000
849 0.946000
850 0.947000
851 0.938000
852 0.960000
853 0.941000
854 0.950000
855 0.964000
856 0.954000
857 0.958000
858 0.937000
859 0.947000
860 0.930000
861 0.939000
862 0.947000
863 0.950000
864 0.946000
865 0.952000
866 0.950000
867 0.951000
868 0.944000
869 0.968000
870 0.947000
871 0.953000
872 0.944000
873 0.955000
874 0.954000
875 0.955000
876 0.947000
877 0.952000
878 0.955000
879 0.951000
880 0.952000
881 0.945000
882 0.957000
883 0.950000
884 0.948000
885 0.952000
886 0.950000
887 0.953000
888 0.953000
889 0.959000
890 0.944000
891 0.945000
892 0.958000
893 0.954000
894 0.963000
895 0.936000
896 0.956000
897 0.951000
898 0.942000
899 0.939000
900 0.952000
901 0.949000
902 0.937000
903 0.939000
904 0.940000
905 0.953000
906 0.945000
907 0.953000
908 0.955000
909 0.952000
910 0.947000
911 0.951000
912 0.956000
913 0.958000
914 0.950000
915 0.948000
916 0.941000
917 0.959000
918 0.938000
919 0.956000
920 0.944000
921 0.945000
922 0.938000
923 0.951000
924 0.955000
925 0.946000
926 0.946000
927 0.942000
928 0.952000
929 0.947000
930 0.955000
931 0.941000
932 0.960000
933 0.947000
934 0.950000
935 0.948000
936 0.954000
937 0.945000
938 0.955000
939 0.949000
940 0.951000
941 0.966000
942 0.952000
943 0.946000
944 0.951000
945 0.947000
946 0.942000
947 0.943000
948 0.945000
949 0.952000
950 0.951000
951 0.946000
952 0.956000
953 0.966000
954 0.950000
955 0.950000
956 0.954000
957 0.951000
958 0.949000
959 0.950000
960 0.936000
961 0.965000
962 0.950000
963 0.945000
964 0.956000
965 0.960000
966 0.957000
967 0.954000
968 0.945000
969 0.948000
970 0.958000
971 0.953000
972 0.951000
973 0.955000
974 0.954000
975 0.946000
976 0.964000
977 0.946000
978 0.953000
979 0.953000
980 0.948000
981 0.941000
982 0.952000
983 0.950000
984 0.961000
985 0.948000
986 0.950000
987 0.951000
988 0.952000
989 0.961000
990 0.954000
991 0.948000
992 0.970000
993 0.960000
994 0.970000
995 0.950000
996 0.954000
997 0.951000
998 0.958000
999 0.954000
