50 0.967000
51 0.967000
52 0.956000
53 0.974000
54 0.960000
55 0.966000
56 0.964000
57 0.961000
58 0.961000
59 0.971000
60 0.949000
61 0.943000
62 0.955000
63 0.971000
64 0.954000
65 0.961000
66 0.957000
67 0.950000
68 0.950000
69 0.955000
70 0.951000
71 0.949000
72 0.963000
73 0.971000
74 0.963000
75 0.971000
76 0.964000
77 0.971000
78 0.971000
79 0.970000
80 0.959000
81 0.956000
82 0.954000
83 0.952000
84 0.949000
85 0.957000
86 0.956000
87 0.955000
88 0.962000
89 0.950000
90 0.958000
91 0.954000
92 0.963000
93 0.962000
94 0.945000
95 0.956000
96 0.955000
97 0.965000
98 0.962000
99 0.968000
100 0.939000
101 0.963000
102 0.954000
103 0.951000
104 0.953000
105 0.964000
106 0.958000
107 0.936000
108 0.931000
109 0.951000
110 0.945000
111 0.946000
112 0.963000
113 0.965000
114 0.945000
115 0.952000
116 0.959000
117 0.970000
118 0.968000
119 0.957000
120 0.966000
121 0.959000
122 0.957000
123 0.950000
124 0.962000
125 0.951000
126 0.953000
127 0.956000
128 0.961000
129 0.955000
130 0.957000
131 0.961000
132 0.958000
133 0.951000
134 0.953000
135 0.949000
136 0.947000
137 0.959000
138 0.952000
139 0.962000
140 0.955000
141 0.965000
142 0.951000
143 0.938000
144 0.946000
145 0.951000
146 0.957000
147 0.964000
148 0.960000
149 0.958000
150 0.955000
151 0.970000
152 0.950000
153 0.947000
154 0.958000
155 0.959000
156 0.958000
157 0.946000
158 0.952000
159 0.947000
160 0.958000
161 0.946000
162 0.954000
163 0.949000
164 0.959000
165 0.953000
166 0.953000
167 0.952000
168 0.952000
169 0.954000
170 0.958000
171 0.961000
172 0.943000
173 0.959000
174 0.961000
175 0.949000
176 0.950000
177 0.965000
178 0.956000
179 0.964000
180 0.962000
181 0.972000
182 0.953000
183 0.956000
184 0.956000
185 0.953000
186 0.951000
187 0.960000
188 0.959000
189 0.943000
190 0.960000
191 0.959000
192 0.945000
193 0.953000
194 0.952000
195 0.948000
196 0.952000
197 0.945000
198 0.950000
199 0.958000
200 0.957000
201 0.947000
202 0.949000
203 0.953000
204 0.942000
205 0.958000
206 0.934000
207 0.958000
208 0.957000
209 0.957000
210 0.947000
211 0.954000
212 0.959000
213 0.955000
214 0.951000
215 0.953000
216 0.954000
217 0.968000
218 0.956000
219 0.948000
220 0.944000
221 0.947000
222 0.944000
223 0.956000
224 0.953000
225 0.945000
226 0.944000
227 0.951000
228 0.958000
229 0.952000
230 0.961000
231 0.959000
232 0.956000
233 0.952000
234 0.959000
235 0.956000
236 0.946000
237 0.951000
238 0.953000
239 0.961000
240 0.950000
241 0.957000
242 0.959000
243 0.956000
244 0.949000
245 0.961000
246 0.958000
247 0.957000
248 0.947000
249 0.959000
250 0.956000
251 0.957000
252 0.954000
253 0.943000
254 0.962000
255 0.953000
256 0.958000
257 0.961000
258 0.953000
259 0.958000
260 0.953000
261 0.937000
262 0.935000
263 0.948000
264 0.952000
265 0.954000
266 0.957000
267 0.949000
268 0.945000
269 0.941000
270 0.946000
271 0.956000
272 0.955000
273 0.943000
274 0.955000
275 0.946000
276 0.952000
277 0.951000
278 0.954000
279 0.955000
280 0.945000
281 0.954000
282 0.959000
283 0.942000
284 0.959000
285 0.946000
286 0.950000
287 0.952000
288 0.940000
289 0.963000
290 0.941000
291 0.959000
292 0.952000
293 0.957000
294 0.956000
295 0.946000
296 0.955000
297 0.956000
298 0.956000
299 0.962000
300 0.955000
301 0.952000
302 0.939000
303 0.961000
304 0.946000
305 0.952000
306 0.967000
307 0.949000
308 0.947000
309 0.966000
310 0.949000
311 0.950000
312 0.952000
313 0.955000
314 0.952000
315 0.953000
316 0.948000
317 0.960000
318 0.956000
319 0.948000
320 0.958000
321 0.947000
322 0.943000
323 0.941000
324 0.944000
325 0.954000
326 0.950000
327 0.944000
328 0.946000
329 0.953000
330 0.948000
331 0.960000
332 0.950000
333 0.960000
334 0.955000
335 0.950000
336 0.948000
337 0.950000
338 0.946000
339 0.945000
340 0.942000
341 0.952000
342 0.957000
343 0.950000
344 0.942000
345 0.954000
346 0.955000
347 0.943000
348 0.959000
349 0.960000
350 0.947000
351 0.966000
352 0.952000
353 0.955000
354 0.954000
355 0.964000
356 0.958000
357 0.956000
358 0.951000
359 0.961000
360 0.957000
361 0.949000
362 0.956000
363 0.963000
364 0.949000
365 0.956000
366 0.966000
367 0.959000
368 0.956000
369 0.953000
370 0.947000
371 0.945000
372 0.949000
373 0.945000
374 0.955000
375 0.967000
376 0.946000
377 0.952000
378 0.962000
379 0.963000
380 0.947000
381 0.941000
382 0.947000
383 0.953000
384 0.937000
385 0.942000
386 0.953000
387 0.948000
388 0.942000
389 0.957000
390 0.950000
391 0.950000
392 0.943000
393 0.963000
394 0.945000
395 0.935000
396 0.948000
397 0.939000
398 0.964000
399 0.942000
400 0.948000
401 0.948000
402 0.961000
403 0.949000
404 0.954000
405 0.955000
406 0.938000
407 0.957000
408 0.958000
409 0.949000
410 0.958000
411 0.950000
412 0.955000
413 0.950000
414 0.946000
415 0.953000
416 0.949000
417 0.960000
418 0.956000
419 0.953000
420 0.953000
421 0.942000
422 0.956000
423 0.953000
424 0.946000
425 0.956000
426 0.960000
427 0.950000
428 0.947000
429 0.958000
430 0.954000
431 0.962000
432 0.947000
433 0.943000
434 0.952000
435 0.961000
436 0.947000
437 0.947000
438 0.944000
439 0.957000
440 0.948000
441 0.944000
442 0.944000
443 0.958000
444 0.954000
445 0.956000
446 0.954000
447 0.960000
448 0.943000
449 0.962000
450 0.947000
451 0.960000
452 0.952000
453 0.946000
454 0.944000
455 0.959000
456 0.953000
457 0.954000
458 0.959000
459 0.951000
460 0.945000
461 0.946000
462 0.948000
463 0.958000
464 0.955000
465 0.949000
466 0.960000
467 0.949000
468 0.956000
469 0.956000
470 0.949000
471 0.951000
472 0.943000
473 0.942000
474 0.953000
475 0.961000
476 0.949000
477 0.958000
478 0.956000
479 0.952000
480 0.945000
481 0.945000
482 0.959000
483 0.950000
484 0.955000
485 0.946000
486 0.953000
487 0.954000
488 0.944000
489 0.946000
490 0.950000
491 0.947000
492 0.936000
493 0.949000
494 0.945000
495 0.952000
496 0.962000
497 0.940000
498 0.956000
499 0.959000
500 0.960000
501 0.938000
502 0.958000
503 0.962000
504 0.940000
505 0.957000
506 0.942000
507 0.944000
508 0.961000
509 0.951000
510 0.949000
511 0.954000
512 0.951000
513 0.946000
514 0.955000
515 0.961000
516 0.947000
517 0.954000
518 0.951000
519 0.948000
520 0.954000
521 0.945000
522 0.948000
523 0.947000
524 0.944000
525 0.953000
526 0.961000
527 0.952000
528 0.944000
529 0.952000
530 0.948000
531 0.956000
532 0.955000
533 0.952000
534 0.957000
535 0.965000
536 0.968000
537 0.956000
538 0.933000
539 0.963000
540 0.953000
541 0.949000
542 0.951000
543 0.952000
544 0.947000
545 0.943000
546 0.950000
547 0.955000
548 0.953000
549 0.964000
550 0.953000
551 0.961000
552 0.954000
553 0.949000
554 0.951000
555 0.954000
556 0.961000
557 0.954000
558 0.933000
559 0.950000
560 0.946000
561 0.959000
562 0.940000
563 0.942000
564 0.955000
565 0.949000
566 0.950000
567 0.939000
568 0.955000
569 0.951000
570 0.949000
571 0.954000
572 0.947000
573 0.953000
574 0.951000
575 0.952000
576 0.952000
577 0.949000
578 0.956000
579 0.959000
580 0.945000
581 0.958000
582 0.952000
583 0.949000
584 0.942000
585 0.957000
586 0.949000
587 0.948000
588 0.942000
589 0.959000
590 0.954000
591 0.955000
592 0.949000
593 0.955000
594 0.936000
595 0.940000
596 0.942000
597 0.950000
598 0.962000
599 0.951000
600 0.956000
601 0.959000
602 0.952000
603 0.942000
604 0.950000
605 0.962000
606 0.956000
607 0.946000
608 0.959000
609 0.942000
610 0.959000
611 0.952000
612 0.954000
613 0.953000
614 0.954000
615 0.952000
616 0.960000
617 0.953000
618 0.957000
619 0.953000
620 0.948000
621 0.955000
622 0.953000
623 0.944000
624 0.947000
625 0.951000
626 0.951000
627 0.935000
628 0.962000
629 0.958000
630 0.953000
631 0.949000
632 0.953000
633 0.946000
634 0.946000
635 0.948000
636 0.946000
637 0.946000
638 0.961000
639 0.951000
640 0.960000
641 0.952000
642 0.948000
643 0.955000
644 0.953000
645 0.951000
646 0.955000
647 0.952000
648 0.959000
649 0.957000
650 0.943000
651 0.951000
652 0.947000
653 0.946000
654 0.952000
655 0.949000
656 0.955000
657 0.950000
658 0.955000
659 0.955000
660 0.951000
661 0.956000
662 0.940000
663 0.961000
664 0.945000
665 0.956000
666 0.952000
667 0.952000
668 0.955000
669 0.952000
670 0.954000
671 0.938000
672 0.949000
673 0.952000
674 0.957000
675 0.950000
676 0.945000
677 0.944000
678 0.934000
679 0.948000
680 0.949000
681 0.955000
682 0.961000
683 0.953000
684 0.965000
685 0.955000
686 0.950000
687 0.961000
688 0.947000
689 0.948000
690 0.950000
691 0.956000
692 0.950000
693 0.939000
694 0.947000
695 0.941000
696 0.950000
697 0.960000
698 0.948000
699 0.954000
700 0.948000
701 0.957000
702 0.954000
703 0.945000
704 0.940000
705 0.951000
706 0.963000
707 0.943000
708 0.950000
709 0.945000
710 0.948000
711 0.955000
712 0.960000
713 0.950000
714 0.950000
715 0.956000
716 0.951000
717 0.948000
718 0.950000
719 0.945000
720 0.937000
721 0.945000
722 0.960000
723 0.941000
724 0.958000
725 0.954000
726 0.939000
727 0.947000
728 0.935000
729 0.965000
730 0.945000
731 0.936000
732 0.949000
733 0.964000
734 0.952000
735 0.950000
736 0.952000
737 0.959000
738 0.952000
739 0.959000
740 0.963000
741 0.952000
742 0.948000
743 0.950000
744 0.952000
745 0.953000
746 0.961000
747 0.950000
748 0.939000
749 0.948000
750 0.947000
751 0.957000
752 0.956000
753 0.955000
754 0.950000
755 0.931000
756 0.949000
757 0.953000
758 0.948000
759 0.954000
760 0.949000
761 0.953000
762 0.955000
763 0.940000
764 0.947000
765 0.957000
766 0.951000
767 0.953000
768 0.962000
769 0.951000
770 0.947000
771 0.951000
772 0.959000
773 0.958000
774 0.953000
775 0.941000
776 0.951000
777 0.954000
778 0.952000
779 0.951000
780 0.945000
781 0.939000
782 0.932000
783 0.961000
784 0.956000
785 0.951000
786 0.947000
787 0.946000
788 0.955000
789 0.955000
790 0.961000
791 0.956000
792 0.953000
793 0.956000
794 0.950000
795 0.941000
796 0.963000
797 0.959000
798 0.953000
799 0.942000
800 0.950000
801 0.949000
802 0.949000
803 0.949000
804 0.943000
805 0.956000
806 0.958000
807 0.950000
808 0.953000
809 0.936000
810 0.951000
811 0.947000
812 0.957000
813 0.957000
814 0.944000
815 0.952000
816 0.962000
817 0.954000
818 0.960000
819 0.951000
820 0.958000
821 0.957000
822 0.949000
823 0.953000
824 0.936000
825 0.943000
826 0.948000
827 0.947000
828 0.963000
829 0.947000
830 0.954000
831 0.941000
832 0.961000
833 0.959000
834 0.942000
835 0.961000
836 0.948000
837 0.943000
838 0.959000
839 0.950000
840 0.957000
841 0.943000
842 0.956000
843 0.954000
844 0.948000
845 0.954000
846 0.949000
847 0.959000
848 0.947000
849 0.965000
850 0.952000
851 0.964000
852 0.950000
853 0.960000
854 0.961000
855 0.953000
856 0.947000
857 0.959000
858 0.955000
859 0.941000
860 0.939000
861 0.946000
862 0.950000
863 0.942000
864 0.955000
865 0.958000
866 0.946000
867 0.944000
868 0.945000
869 0.956000
870 0.957000
871 0.946000
872 0.946000
873 0.957000
874 0.947000
875 0.955000
876 0.955000
877 0.956000
878 0.942000
879 0.949000
880 0.950000
881 0.955000
882 0.952000
883 0.948000
884 0.952000
885 0.942000
886 0.948000
887 0.951000
888 0.952000
889 0.942000
890 0.962000
891 0.954000
892 0.948000
893 0.953000
894 0.948000
895 0.950000
896 0.956000
897 0.952000
898 0.955000
899 0.946000
900 0.944000
901 0.943000
902 0.946000
903 0.952000
904 0.958000
905 0.949000
906 0.947000
907 0.944000
908 0.932000
909 0.947000
910 0.950000
911 0.945000
912 0.949000
913 0.936000
914 0.959000
915 0.960000
916 0.950000
917 0.949000
918 0.952000
919 0.955000
920 0.950000
921 0.938000
922 0.953000
923 0.943000
924 0.957000
925 0.945000
926 0.957000
927 0.951000
928 0.964000
929 0.943000
930 0.945000
931 0.953000
932 0.954000
933 0.960000
934 0.957000
935 0.956000
936 0.953000
937 0.948000
938 0.962000
939 0.949000
940 0.947000
941 0.948000
942 0.954000
943 0.951000
944 0.944000
945 0.947000
946 0.954000
947 0.948000
948 0.949000
949 0.944000
950 0.947000
951 0.957000
952 0.948000
953 0.948000
954 0.937000
955 0.939000
956 0.945000
957 0.959000
958 0.954000
959 0.951000
960 0.936000
961 0.951000
962 0.944000
963 0.945000
964 0.954000
965 0.944000
966 0.944000
967 0.948000
968 0.961000
969 0.948000
970 0.952000
971 0.950000
972 0.955000
973 0.945000
974 0.958000
975 0.958000
976 0.956000
977 0.948000
978 0.951000
979 0.953000
980 0.939000
981 0.951000
982 0.959000
983 0.960000
984 0.947000
985 0.940000
986 0.958000
987 0.943000
988 0.954000
989 0.963000
990 0.960000
991 0.948000
992 0.947000
993 0.953000
994 0.951000
995 0.939000
996 0.959000
997 0.953000
998 0.944000
999 0.962000
