50 0.963000
51 0.967000
52 0.957000
53 0.963000
54 0.953000
55 0.966000
56 0.961000
57 0.973000
58 0.960000
59 0.962000
60 0.950000
61 0.967000
62 0.939000
63 0.957000
64 0.944000
65 0.963000
66 0.954000
67 0.953000
68 0.958000
69 0.966000
70 0.966000
71 0.972000
72 0.951000
73 0.962000
74 0.960000
75 0.965000
76 0.966000
77 0.967000
78 0.956000
79 0.967000
80 0.955000
81 0.940000
82 0.954000
83 0.948000
84 0.953000
85 0.953000
86 0.948000
87 0.960000
88 0.958000
89 0.946000
90 0.965000
91 0.948000
92 0.960000
93 0.973000
94 0.965000
95 0.967000
96 0.957000
97 0.965000
98 0.963000
99 0.955000
100 0.946000
101 0.957000
102 0.958000
103 0.957000
104 0.941000
105 0.949000
106 0.956000
107 0.963000
108 0.948000
109 0.949000
110 0.952000
111 0.958000
112 0.963000
113 0.964000
114 0.953000
115 0.960000
116 0.944000
117 0.962000
118 0.956000
119 0.952000
120 0.942000
121 0.949000
122 0.945000
123 0.963000
124 0.959000
125 0.954000
126 0.936000
127 0.951000
128 0.964000
129 0.953000
130 0.952000
131 0.963000
132 0.955000
133 0.958000
134 0.950000
135 0.949000
136 0.964000
137 0.961000
138 0.965000
139 0.956000
140 0.949000
141 0.938000
142 0.949000
143 0.957000
144 0.949000
145 0.945000
146 0.957000
147 0.955000
148 0.961000
149 0.959000
150 0.954000
151 0.953000
152 0.956000
153 0.937000
154 0.955000
155 0.959000
156 0.970000
157 0.948000
158 0.960000
159 0.961000
160 0.954000
161 0.940000
162 0.956000
163 0.949000
164 0.939000
165 0.954000
166 0.954000
167 0.950000
168 0.949000
169 0.944000
170 0.955000
171 0.957000
172 0.956000
173 0.949000
174 0.964000
175 0.944000
176 0.948000
177 0.955000
178 0.961000
179 0.954000
180 0.949000
181 0.948000
182 0.954000
183 0.943000
184 0.951000
185 0.955000
186 0.952000
187 0.964000
188 0.965000
189 0.953000
190 0.955000
191 0.962000
192 0.959000
193 0.954000
194 0.955000
195 0.968000
196 0.963000
197 0.964000
198 0.938000
199 0.962000
200 0.950000
201 0.951000
202 0.952000
203 0.952000
204 0.946000
205 0.960000
206 0.938000
207 0.950000
208 0.948000
209 0.945000
210 0.964000
211 0.963000
212 0.933000
213 0.955000
214 0.949000
215 0.952000
216 0.953000
217 0.954000
218 0.949000
219 0.955000
220 0.953000
221 0.948000
222 0.957000
223 0.944000
224 0.939000
225 0.954000
226 0.949000
227 0.958000
228 0.955000
229 0.954000
230 0.940000
231 0.945000
232 0.948000
233 0.938000
234 0.954000
235 0.945000
236 0.950000
237 0.953000
238 0.945000
239 0.961000
240 0.958000
241 0.952000
242 0.962000
243 0.957000
244 0.961000
245 0.949000
246 0.949000
247 0.960000
248 0.949000
249 0.956000
250 0.953000
251 0.948000
252 0.955000
253 0.951000
254 0.962000
255 0.957000
256 0.943000
257 0.961000
258 0.942000
259 0.953000
260 0.963000
261 0.957000
262 0.951000
263 0.952000
264 0.950000
265 0.971000
266 0.952000
267 0.951000
268 0.951000
269 0.959000
270 0.944000
271 0.953000
272 0.954000
273 0.958000
274 0.954000
275 0.958000
276 0.949000
277 0.945000
278 0.955000
279 0.960000
280 0.952000
281 0.959000
282 0.952000
283 0.945000
284 0.957000
285 0.944000
286 0.954000
287 0.956000
288 0.958000
289 0.948000
290 0.936000
291 0.943000
292 0.953000
293 0.956000
294 0.953000
295 0.946000
296 0.957000
297 0.958000
298 0.962000
299 0.961000
300 0.951000
301 0.955000
302 0.960000
303 0.955000
304 0.955000
305 0.947000
306 0.951000
307 0.956000
308 0.955000
309 0.949000
310 0.943000
311 0.946000
312 0.954000
313 0.944000
314 0.951000
315 0.942000
316 0.963000
317 0.957000
318 0.964000
319 0.962000
320 0.955000
321 0.941000
322 0.951000
323 0.950000
324 0.958000
325 0.954000
326 0.947000
327 0.960000
328 0.942000
329 0.949000
330 0.953000
331 0.960000
332 0.944000
333 0.955000
334 0.949000
335 0.957000
336 0.944000
337 0.954000
338 0.947000
339 0.945000
340 0.949000
341 0.945000
342 0.947000
343 0.954000
344 0.955000
345 0.964000
346 0.954000
347 0.944000
348 0.943000
349 0.949000
350 0.954000
351 0.958000
352 0.947000
353 0.957000
354 0.951000
355 0.955000
356 0.941000
357 0.944000
358 0.952000
359 0.951000
360 0.958000
361 0.950000
362 0.949000
363 0.956000
364 0.956000
365 0.947000
366 0.953000
367 0.954000
368 0.943000
369 0.950000
370 0.959000
371 0.956000
372 0.952000
373 0.970000
374 0.946000
375 0.945000
376 0.946000
377 0.945000
378 0.953000
379 0.953000
380 0.949000
381 0.952000
382 0.950000
383 0.951000
384 0.942000
385 0.947000
386 0.937000
387 0.950000
388 0.942000
389 0.960000
390 0.949000
391 0.959000
392 0.963000
393 0.959000
394 0.951000
395 0.950000
396 0.955000
397 0.964000
398 0.960000
399 0.956000
400 0.955000
401 0.950000
402 0.958000
403 0.950000
404 0.950000
405 0.941000
406 0.949000
407 0.946000
408 0.945000
409 0.952000
410 0.965000
411 0.950000
412 0.955000
413 0.962000
414 0.956000
415 0.957000
416 0.964000
417 0.956000
418 0.955000
419 0.946000
420 0.945000
421 0.939000
422 0.949000
423 0.959000
424 0.941000
425 0.953000
426 0.947000
427 0.958000
428 0.959000
429 0.948000
430 0.960000
431 0.939000
432 0.945000
433 0.946000
434 0.948000
435 0.942000
436 0.941000
437 0.948000
438 0.943000
439 0.960000
440 0.960000
441 0.952000
442 0.953000
443 0.952000
444 0.968000
445 0.930000
446 0.953000
447 0.951000
448 0.946000
449 0.956000
450 0.952000
451 0.949000
452 0.957000
453 0.950000
454 0.956000
455 0.953000
456 0.950000
457 0.953000
458 0.969000
459 0.958000
460 0.952000
461 0.944000
462 0.963000
463 0.954000
464 0.949000
465 0.953000
466 0.937000
467 0.952000
468 0.946000
469 0.945000
470 0.948000
471 0.962000
472 0.943000
473 0.958000
474 0.944000
475 0.958000
476 0.962000
477 0.968000
478 0.954000
479 0.956000
480 0.956000
481 0.952000
482 0.956000
483 0.966000
484 0.940000
485 0.946000
486 0.951000
487 0.949000
488 0.956000
489 0.947000
490 0.959000
491 0.950000
492 0.943000
493 0.947000
494 0.947000
495 0.947000
496 0.954000
497 0.962000
498 0.951000
499 0.957000
500 0.959000
501 0.958000
502 0.937000
503 0.945000
504 0.939000
505 0.953000
506 0.952000
507 0.953000
508 0.954000
509 0.952000
510 0.949000
511 0.950000
512 0.949000
513 0.947000
514 0.955000
515 0.940000
516 0.958000
517 0.952000
518 0.950000
519 0.960000
520 0.938000
521 0.948000
522 0.961000
523 0.941000
524 0.968000
525 0.942000
526 0.956000
527 0.955000
528 0.957000
529 0.951000
530 0.948000
531 0.954000
532 0.944000
533 0.957000
534 0.951000
535 0.957000
536 0.941000
537 0.954000
538 0.943000
539 0.955000
540 0.955000
541 0.952000
542 0.959000
543 0.954000
544 0.938000
545 0.946000
546 0.950000
547 0.952000
548 0.942000
549 0.955000
550 0.950000
551 0.942000
552 0.951000
553 0.951000
554 0.949000
555 0.951000
556 0.945000
557 0.939000
558 0.960000
559 0.947000
560 0.947000
561 0.953000
562 0.952000
563 0.950000
564 0.948000
565 0.959000
566 0.954000
567 0.953000
568 0.962000
569 0.944000
570 0.950000
571 0.947000
572 0.949000
573 0.937000
574 0.950000
575 0.958000
576 0.960000
577 0.948000
578 0.945000
579 0.953000
580 0.949000
581 0.938000
582 0.951000
583 0.950000
584 0.957000
585 0.942000
586 0.950000
587 0.954000
588 0.949000
589 0.952000
590 0.951000
591 0.959000
592 0.956000
593 0.943000
594 0.952000
595 0.943000
596 0.959000
597 0.946000
598 0.951000
599 0.956000
600 0.960000
601 0.948000
602 0.958000
603 0.953000
604 0.954000
605 0.950000
606 0.948000
607 0.947000
608 0.944000
609 0.955000
610 0.953000
611 0.956000
612 0.953000
613 0.961000
614 0.949000
615 0.951000
616 0.955000
617 0.955000
618 0.953000
619 0.955000
620 0.949000
621 0.951000
622 0.949000
623 0.958000
624 0.957000
625 0.943000
626 0.947000
627 0.951000
628 0.959000
629 0.956000
630 0.950000
631 0.938000
632 0.956000
633 0.951000
634 0.954000
635 0.950000
636 0.957000
637 0.947000
638 0.943000
639 0.957000
640 0.946000
641 0.952000
642 0.956000
643 0.944000
644 0.956000
645 0.958000
646 0.956000
647 0.952000
648 0.958000
649 0.949000
650 0.950000
651 0.958000
652 0.943000
653 0.949000
654 0.969000
655 0.965000
656 0.948000
657 0.943000
658 0.954000
659 0.963000
660 0.942000
661 0.946000
662 0.959000
663 0.946000
664 0.947000
665 0.949000
666 0.956000
667 0.953000
668 0.952000
669 0.952000
670 0.951000
671 0.947000
672 0.945000
673 0.953000
674 0.957000
675 0.943000
676 0.959000
677 0.947000
678 0.954000
679 0.964000
680 0.945000
681 0.961000
682 0.940000
683 0.955000
684 0.942000
685 0.956000
686 0.951000
687 0.950000
688 0.944000
689 0.949000
690 0.948000
691 0.944000
692 0.948000
693 0.942000
694 0.945000
695 0.959000
696 0.940000
697 0.948000
698 0.965000
699 0.954000
700 0.943000
701 0.943000
702 0.955000
703 0.946000
704 0.945000
705 0.949000
706 0.954000
707 0.962000
708 0.955000
709 0.956000
710 0.946000
711 0.960000
712 0.946000
713 0.950000
714 0.943000
715 0.954000
716 0.957000
717 0.953000
718 0.956000
719 0.942000
720 0.945000
721 0.962000
722 0.954000
723 0.946000
724 0.952000
725 0.952000
726 0.958000
727 0.942000
728 0.953000
729 0.947000
730 0.951000
731 0.959000
732 0.957000
733 0.950000
734 0.954000
735 0.942000
736 0.958000
737 0.940000
738 0.947000
739 0.950000
740 0.954000
741 0.955000
742 0.943000
743 0.944000
744 0.941000
745 0.961000
746 0.941000
747 0.951000
748 0.940000
749 0.944000
750 0.953000
751 0.955000
752 0.950000
753 0.955000
754 0.954000
755 0.952000
756 0.950000
757 0.955000
758 0.958000
759 0.955000
760 0.963000
761 0.953000
762 0.948000
763 0.947000
764 0.947000
765 0.961000
766 0.954000
767 0.954000
768 0.948000
769 0.946000
770 0.949000
771 0.960000
772 0.947000
773 0.947000
774 0.952000
775 0.951000
776 0.943000
777 0.949000
778 0.955000
779 0.943000
780 0.944000
781 0.953000
782 0.942000
783 0.948000
784 0.957000
785 0.953000
786 0.949000
787 0.956000
788 0.945000
789 0.955000
790 0.948000
791 0.953000
792 0.950000
793 0.941000
794 0.943000
795 0.952000
796 0.952000
797 0.958000
798 0.959000
799 0.961000
800 0.942000
801 0.951000
802 0.960000
803 0.954000
804 0.939000
805 0.954000
806 0.955000
807 0.952000
808 0.949000
809 0.951000
810 0.956000
811 0.944000
812 0.951000
813 0.956000
814 0.941000
815 0.936000
816 0.953000
817 0.953000
818 0.962000
819 0.960000
820 0.950000
821 0.947000
822 0.955000
823 0.958000
824 0.952000
825 0.943000
826 0.953000
827 0.943000
828 0.952000
829 0.952000
830 0.957000
831 0.945000
832 0.946000
833 0.956000
834 0.940000
835 0.958000
836 0.953000
837 0.953000
838 0.953000
839 0.949000
840 0.965000
841 0.953000
842 0.942000
843 0.946000
844 0.957000
845 0.951000
846 0.950000
847 0.952000
848 0.955000
849 0.961000
850 0.956000
851 0.948000
852 0.957000
853 0.940000
854 0.958000
855 0.945000
856 0.938000
857 0.945000
858 0.953000
859 0.952000
860 0.962000
861 0.936000
862 0.940000
863 0.958000
864 0.961000
865 0.948000
866 0.953000
867 0.950000
868 0.950000
869 0.951000
870 0.945000
871 0.938000
872 0.946000
873 0.953000
874 0.970000
875 0.957000
876 0.949000
877 0.955000
878 0.958000
879 0.947000
880 0.958000
881 0.952000
882 0.953000
883 0.952000
884 0.963000
885 0.949000
886 0.936000
887 0.952000
888 0.943000
889 0.948000
890 0.950000
891 0.943000
892 0.966000
893 0.948000
894 0.960000
895 0.945000
896 0.949000
897 0.938000
898 0.957000
899 0.952000
900 0.954000
901 0.959000
902 0.956000
903 0.954000
904 0.955000
905 0.953000
906 0.949000
907 0.950000
908 0.943000
909 0.943000
910 0.950000
911 0.949000
912 0.964000
913 0.959000
914 0.951000
915 0.953000
916 0.948000
917 0.953000
918 0.949000
919 0.950000
920 0.940000
921 0.940000
922 0.954000
923 0.954000
924 0.952000
925 0.942000
926 0.943000
927 0.944000
928 0.952000
929 0.959000
930 0.961000
931 0.949000
932 0.948000
933 0.955000
934 0.953000
935 0.941000
936 0.948000
937 0.949000
938 0.956000
939 0.956000
940 0.943000
941 0.956000
942 0.951000
943 0.956000
944 0.947000
945 0.946000
946 0.948000
947 0.952000
948 0.953000
949 0.946000
950 0.957000
951 0.942000
952 0.961000
953 0.949000
954 0.948000
955 0.940000
956 0.945000
957 0.959000
958 0.942000
959 0.952000
960 0.949000
961 0.952000
962 0.954000
963 0.952000
964 0.957000
965 0.956000
966 0.969000
967 0.950000
968 0.943000
969 0.949000
970 0.955000
971 0.954000
972 0.962000
973 0.938000
974 0.944000
975 0.957000
976 0.957000
977 0.953000
978 0.949000
979 0.936000
980 0.956000
981 0.952000
982 0.948000
983 0.950000
984 0.954000
985 0.954000
986 0.951000
987 0.962000
988 0.964000
989 0.958000
990 0.954000
991 0.948000
992 0.963000
993 0.957000
994 0.943000
995 0.949000
996 0.948000
997 0.952000
998 0.953000
999 0.947000
