50 0.971000
51 0.965000
52 0.955000
53 0.947000
54 0.964000
55 0.959000
56 0.963000
57 0.958000
58 0.957000
59 0.973000
60 0.964000
61 0.947000
62 0.952000
63 0.954000
64 0.953000
65 0.939000
66 0.949000
67 0.949000
68 0.952000
69 0.955000
70 0.955000
71 0.947000
72 0.960000
73 0.960000
74 0.956000
75 0.966000
76 0.961000
77 0.965000
78 0.963000
79 0.969000
80 0.949000
81 0.959000
82 0.949000
83 0.946000
84 0.955000
85 0.954000
86 0.955000
87 0.951000
88 0.949000
89 0.954000
90 0.967000
91 0.969000
92 0.954000
93 0.959000
94 0.958000
95 0.967000
96 0.959000
97 0.957000
98 0.963000
99 0.955000
100 0.944000
101 0.950000
102 0.955000
103 0.954000
104 0.947000
105 0.950000
106 0.953000
107 0.953000
108 0.957000
109 0.960000
110 0.945000
111 0.962000
112 0.957000
113 0.964000
114 0.944000
115 0.964000
116 0.957000
117 0.960000
118 0.958000
119 0.957000
120 0.959000
121 0.953000
122 0.958000
123 0.948000
124 0.954000
125 0.947000
126 0.952000
127 0.960000
128 0.940000
129 0.961000
130 0.957000
131 0.963000
132 0.952000
133 0.959000
134 0.958000
135 0.955000
136 0.965000
137 0.957000
138 0.962000
139 0.947000
140 0.951000
141 0.950000
142 0.943000
143 0.948000
144 0.948000
145 0.959000
146 0.959000
147 0.960000
148 0.957000
149 0.953000
150 0.953000
151 0.965000
152 0.950000
153 0.952000
154 0.942000
155 0.960000
156 0.963000
157 0.953000
158 0.955000
159 0.953000
160 0.955000
161 0.947000
162 0.956000
163 0.951000
164 0.938000
165 0.952000
166 0.961000
167 0.940000
168 0.961000
169 0.955000
170 0.958000
171 0.951000
172 0.958000
173 0.949000
174 0.960000
175 0.963000
176 0.955000
177 0.955000
178 0.958000
179 0.969000
180 0.948000
181 0.958000
182 0.949000
183 0.943000
184 0.946000
185 0.934000
186 0.954000
187 0.951000
188 0.961000
189 0.964000
190 0.953000
191 0.956000
192 0.940000
193 0.962000
194 0.952000
195 0.959000
196 0.956000
197 0.947000
198 0.961000
199 0.960000
200 0.937000
201 0.949000
202 0.943000
203 0.953000
204 0.950000
205 0.950000
206 0.958000
207 0.961000
208 0.968000
209 0.955000
210 0.957000
211 0.949000
212 0.944000
213 0.960000
214 0.962000
215 0.952000
216 0.951000
217 0.968000
218 0.958000
219 0.962000
220 0.957000
221 0.948000
222 0.956000
223 0.948000
224 0.948000
225 0.955000
226 0.961000
227 0.958000
228 0.956000
229 0.957000
230 0.956000
231 0.938000
232 0.948000
233 0.961000
234 0.963000
235 0.949000
236 0.948000
237 0.953000
238 0.960000
239 0.952000
240 0.962000
241 0.956000
242 0.957000
243 0.945000
244 0.954000
245 0.956000
246 0.960000
247 0.951000
248 0.956000
249 0.943000
250 0.947000
251 0.950000
252 0.943000
253 0.945000
254 0.953000
255 0.948000
256 0.957000
257 0.951000
258 0.955000
259 0.948000
260 0.952000
261 0.955000
262 0.950000
263 0.934000
264 0.957000
265 0.944000
266 0.961000
267 0.948000
268 0.958000
269 0.953000
270 0.951000
271 0.943000
272 0.946000
273 0.948000
274 0.959000
275 0.952000
276 0.960000
277 0.960000
278 0.966000
279 0.959000
280 0.943000
281 0.949000
282 0.952000
283 0.953000
284 0.961000
285 0.957000
286 0.958000
287 0.960000
288 0.961000
289 0.949000
290 0.955000
291 0.960000
292 0.953000
293 0.959000
294 0.954000
295 0.948000
296 0.968000
297 0.960000
298 0.944000
299 0.951000
300 0.948000
301 0.963000
302 0.944000
303 0.945000
304 0.943000
305 0.941000
306 0.938000
307 0.949000
308 0.950000
309 0.955000
310 0.951000
311 0.945000
312 0.951000
313 0.947000
314 0.939000
315 0.959000
316 0.955000
317 0.944000
318 0.956000
319 0.950000
320 0.954000
321 0.952000
322 0.941000
323 0.955000
324 0.951000
325 0.955000
326 0.954000
327 0.953000
328 0.950000
329 0.945000
330 0.941000
331 0.954000
332 0.956000
333 0.959000
334 0.962000
335 0.949000
336 0.940000
337 0.952000
338 0.960000
339 0.960000
340 0.952000
341 0.964000
342 0.948000
343 0.957000
344 0.942000
345 0.962000
346 0.968000
347 0.946000
348 0.944000
349 0.949000
350 0.957000
351 0.936000
352 0.963000
353 0.951000
354 0.962000
355 0.957000
356 0.960000
357 0.966000
358 0.954000
359 0.960000
360 0.945000
361 0.959000
362 0.955000
363 0.948000
364 0.964000
365 0.949000
366 0.957000
367 0.950000
368 0.959000
369 0.948000
370 0.945000
371 0.953000
372 0.945000
373 0.957000
374 0.950000
375 0.960000
376 0.951000
377 0.938000
378 0.947000
379 0.956000
380 0.946000
381 0.941000
382 0.948000
383 0.949000
384 0.950000
385 0.938000
386 0.952000
387 0.949000
388 0.956000
389 0.950000
390 0.954000
391 0.954000
392 0.949000
393 0.953000
394 0.954000
395 0.955000
396 0.956000
397 0.955000
398 0.957000
399 0.937000
400 0.964000
401 0.954000
402 0.948000
403 0.945000
404 0.954000
405 0.952000
406 0.949000
407 0.947000
408 0.956000
409 0.940000
410 0.954000
411 0.950000
412 0.950000
413 0.953000
414 0.954000
415 0.943000
416 0.957000
417 0.958000
418 0.947000
419 0.944000
420 0.945000
421 0.935000
422 0.949000
423 0.945000
424 0.951000
425 0.938000
426 0.955000
427 0.948000
428 0.944000
429 0.957000
430 0.949000
431 0.952000
432 0.951000
433 0.957000
434 0.949000
435 0.954000
436 0.954000
437 0.934000
438 0.949000
439 0.955000
440 0.959000
441 0.948000
442 0.954000
443 0.950000
444 0.949000
445 0.953000
446 0.945000
447 0.963000
448 0.941000
449 0.952000
450 0.950000
451 0.956000
452 0.964000
453 0.943000
454 0.951000
455 0.953000
456 0.937000
457 0.948000
458 0.941000
459 0.958000
460 0.942000
461 0.950000
462 0.949000
463 0.951000
464 0.953000
465 0.954000
466 0.960000
467 0.947000
468 0.953000
469 0.938000
470 0.953000
471 0.945000
472 0.953000
473 0.954000
474 0.955000
475 0.944000
476 0.957000
477 0.962000
478 0.954000
479 0.945000
480 0.955000
481 0.964000
482 0.940000
483 0.947000
484 0.950000
485 0.940000
486 0.949000
487 0.947000
488 0.960000
489 0.954000
490 0.950000
491 0.958000
492 0.949000
493 0.950000
494 0.945000
495 0.960000
496 0.951000
497 0.954000
498 0.952000
499 0.951000
500 0.947000
501 0.963000
502 0.956000
503 0.955000
504 0.953000
505 0.936000
506 0.957000
507 0.958000
508 0.953000
509 0.952000
510 0.961000
511 0.959000
512 0.959000
513 0.954000
514 0.961000
515 0.954000
516 0.938000
517 0.947000
518 0.952000
519 0.952000
520 0.932000
521 0.949000
522 0.948000
523 0.944000
524 0.956000
525 0.953000
526 0.941000
527 0.950000
528 0.957000
529 0.950000
530 0.957000
531 0.948000
532 0.949000
533 0.947000
534 0.952000
535 0.955000
536 0.959000
537 0.948000
538 0.948000
539 0.956000
540 0.951000
541 0.949000
542 0.953000
543 0.950000
544 0.951000
545 0.953000
546 0.953000
547 0.953000
548 0.957000
549 0.954000
550 0.961000
551 0.947000
552 0.957000
553 0.955000
554 0.955000
555 0.955000
556 0.964000
557 0.942000
558 0.952000
559 0.961000
560 0.959000
561 0.956000
562 0.960000
563 0.953000
564 0.934000
565 0.952000
566 0.950000
567 0.952000
568 0.955000
569 0.957000
570 0.948000
571 0.959000
572 0.959000
573 0.942000
574 0.958000
575 0.957000
576 0.950000
577 0.969000
578 0.957000
579 0.959000
580 0.949000
581 0.955000
582 0.958000
583 0.955000
584 0.947000
585 0.945000
586 0.954000
587 0.953000
588 0.942000
589 0.954000
590 0.949000
591 0.962000
592 0.951000
593 0.950000
594 0.953000
595 0.957000
596 0.949000
597 0.954000
598 0.961000
599 0.960000
600 0.951000
601 0.951000
602 0.965000
603 0.940000
604 0.953000
605 0.950000
606 0.963000
607 0.946000
608 0.946000
609 0.961000
610 0.955000
611 0.961000
612 0.954000
613 0.956000
614 0.968000
615 0.949000
616 0.944000
617 0.961000
618 0.954000
619 0.951000
620 0.947000
621 0.954000
622 0.953000
623 0.945000
624 0.948000
625 0.954000
626 0.957000
627 0.947000
628 0.940000
629 0.959000
630 0.949000
631 0.953000
632 0.957000
633 0.960000
634 0.950000
635 0.956000
636 0.944000
637 0.954000
638 0.964000
639 0.955000
640 0.943000
641 0.954000
642 0.949000
643 0.960000
644 0.959000
645 0.943000
646 0.946000
647 0.950000
648 0.941000
649 0.950000
650 0.966000
651 0.950000
652 0.956000
653 0.956000
654 0.949000
655 0.960000
656 0.933000
657 0.957000
658 0.953000
659 0.965000
660 0.940000
661 0.940000
662 0.964000
663 0.954000
664 0.954000
665 0.956000
666 0.951000
667 0.949000
668 0.959000
669 0.943000
670 0.952000
671 0.952000
672 0.944000
673 0.954000
674 0.951000
675 0.957000
676 0.959000
677 0.949000
678 0.944000
679 0.955000
680 0.958000
681 0.948000
682 0.934000
683 0.951000
684 0.954000
685 0.954000
686 0.953000
687 0.954000
688 0.940000
689 0.955000
690 0.948000
691 0.957000
692 0.958000
693 0.959000
694 0.950000
695 0.954000
696 0.950000
697 0.938000
698 0.952000
699 0.954000
700 0.940000
701 0.961000
702 0.954000
703 0.952000
704 0.944000
705 0.952000
706 0.956000
707 0.964000
708 0.954000
709 0.950000
710 0.954000
711 0.948000
712 0.954000
713 0.948000
714 0.959000
715 0.953000
716 0.962000
717 0.948000
718 0.948000
719 0.954000
720 0.960000
721 0.954000
722 0.946000
723 0.955000
724 0.944000
725 0.943000
726 0.957000
727 0.946000
728 0.962000
729 0.955000
730 0.949000
731 0.956000
732 0.955000
733 0.942000
734 0.943000
735 0.949000
736 0.951000
737 0.961000
738 0.960000
739 0.959000
740 0.961000
741 0.942000
742 0.946000
743 0.956000
744 0.960000
745 0.941000
746 0.956000
747 0.957000
748 0.970000
749 0.949000
750 0.946000
751 0.952000
752 0.952000
753 0.953000
754 0.955000
755 0.958000
756 0.947000
757 0.939000
758 0.954000
759 0.949000
760 0.957000
761 0.951000
762 0.945000
763 0.963000
764 0.958000
765 0.951000
766 0.957000
767 0.955000
768 0.951000
769 0.951000
770 0.947000
771 0.940000
772 0.963000
773 0.956000
774 0.961000
775 0.951000
776 0.962000
777 0.950000
778 0.953000
779 0.954000
780 0.954000
781 0.964000
782 0.939000
783 0.962000
784 0.954000
785 0.954000
786 0.951000
787 0.958000
788 0.962000
789 0.951000
790 0.953000
791 0.953000
792 0.951000
793 0.951000
794 0.959000
795 0.948000
796 0.930000
797 0.959000
798 0.959000
799 0.955000
800 0.949000
801 0.951000
802 0.944000
803 0.957000
804 0.959000
805 0.956000
806 0.947000
807 0.948000
808 0.954000
809 0.947000
810 0.960000
811 0.958000
812 0.951000
813 0.937000
814 0.959000
815 0.959000
816 0.949000
817 0.932000
818 0.948000
819 0.956000
820 0.951000
821 0.951000
822 0.944000
823 0.959000
824 0.946000
825 0.941000
826 0.948000
827 0.942000
828 0.951000
829 0.951000
830 0.960000
831 0.946000
832 0.957000
833 0.945000
834 0.953000
835 0.941000
836 0.947000
837 0.951000
838 0.953000
839 0.944000
840 0.956000
841 0.952000
842 0.941000
843 0.942000
844 0.947000
845 0.950000
846 0.950000
847 0.937000
848 0.959000
849 0.953000
850 0.959000
851 0.946000
852 0.948000
853 0.949000
854 0.950000
855 0.943000
856 0.964000
857 0.942000
858 0.965000
859 0.954000
860 0.946000
861 0.955000
862 0.957000
863 0.948000
864 0.948000
865 0.952000
866 0.957000
867 0.946000
868 0.937000
869 0.963000
870 0.956000
871 0.960000
872 0.956000
873 0.950000
874 0.954000
875 0.945000
876 0.948000
877 0.954000
878 0.940000
879 0.946000
880 0.950000
881 0.960000
882 0.943000
883 0.941000
884 0.954000
885 0.956000
886 0.939000
887 0.954000
888 0.942000
889 0.933000
890 0.958000
891 0.961000
892 0.958000
893 0.952000
894 0.951000
895 0.953000
896 0.949000
897 0.962000
898 0.952000
899 0.948000
900 0.948000
901 0.943000
902 0.957000
903 0.941000
904 0.958000
905 0.947000
906 0.948000
907 0.952000
908 0.957000
909 0.943000
910 0.955000
911 0.957000
912 0.961000
913 0.958000
914 0.956000
915 0.958000
916 0.951000
917 0.951000
918 0.956000
919 0.955000
920 0.960000
921 0.946000
922 0.940000
923 0.948000
924 0.952000
925 0.951000
926 0.955000
927 0.949000
928 0.960000
929 0.938000
930 0.949000
931 0.958000
932 0.953000
933 0.951000
934 0.952000
935 0.950000
936 0.953000
937 0.959000
938 0.936000
939 0.955000
940 0.954000
941 0.954000
942 0.953000
943 0.952000
944 0.947000
945 0.943000
946 0.945000
947 0.940000
948 0.955000
949 0.954000
950 0.947000
951 0.956000
952 0.956000
953 0.965000
954 0.951000
955 0.947000
956 0.957000
957 0.951000
958 0.944000
959 0.968000
960 0.954000
961 0.960000
962 0.953000
963 0.945000
964 0.961000
965 0.954000
966 0.953000
967 0.961000
968 0.946000
969 0.952000
970 0.969000
971 0.949000
972 0.951000
973 0.951000
974 0.955000
975 0.948000
976 0.955000
977 0.949000
978 0.950000
979 0.956000
980 0.956000
981 0.953000
982 0.942000
983 0.970000
984 0.955000
985 0.938000
986 0.958000
987 0.950000
988 0.954000
989 0.956000
990 0.951000
991 0.942000
992 0.936000
993 0.954000
994 0.946000
995 0.939000
996 0.960000
997 0.952000
998 0.948000
999 0.944000